-1 -7 -3 -6 409 216 
8 -5 6 -8 247 224 
15 -7 13 -9 115 211 
20 -6 17 -8 61 216 
20 2 18 1 49 376 
7 2 6 1 311 389 
23 2 21 -3 79 382 
25 0 22 -6 85 207 
24 -3 22 -10 87 106 
22 -5 19 -11 176 97 
19 -5 17 -10 172 207 
20 0 18 -4 167 283 
16 6 16 0 165 354 
18 1 15 -1 316 254 
19 -1 16 -4 315 164 
19 -7 15 -10 342 79 
11 -11 9 -14 404 77 
7 -13 6 -14 475 84 
2 -12 0 -12 493 77 
7 -7 4 -8 521 128 
6 -5 3 -9 480 149 
11 -5 10 -10 473 196 
11 -2 10 -8 469 250 
10 0 8 -4 469 294 
1 -7 -1 -4 504 341 
5 -5 2 -5 393 341 
13 -3 13 -3 304 333 
14 -3 14 0 241 348 
17 -1 18 1 150 348 
21 -1 24 -2 74 376 
21 -1 24 -2 48 369 
28 -1 28 -2 39 264 
26 -3 24 -4 46 216 
21 -7 20 -6 101 214 
21 -7 18 -6 193 216 
11 -9 9 -7 217 218 
7 -13 6 -10 331 66 
10 -13 10 -12 217 73 
14 -13 14 -11 94 84 
15 -13 16 -12 68 60 
11 -11 12 -10 310 29 
1 -13 2 -9 410 33 
0 -12 -1 -9 526 28 
0 -9 0 -8 448 124 
8 -8 7 -8 289 99 
14 -6 14 -9 167 99 
19 -5 19 -9 114 113 
21 -3 22 -6 78 203 
26 -2 26 -6 78 205 
24 -2 23 -5 208 244 
22 -1 18 -4 282 244 
13 -3 15 -4 371 241 
5 -2 2 -3 545 249 
7 0 5 -1 549 295 
13 0 10 0 448 296 
16 0 14 -2 345 295 
21 0 20 -2 218 295 
23 0 23 -2 172 297 
32 3 30 0 79 389 
29 0 28 0 189 391 
24 2 23 -1 222 387 
17 0 14 0 346 387 
7 -1 5 0 471 371 
23 -3 22 -5 92 387 
23 -3 22 -4 111 329 
16 -6 15 -7 172 322 
9 -7 8 -6 297 326 
3 -7 2 -6 411 320 
13 -9 12 -10 455 196 
15 -9 17 -12 318 185 
21 -9 22 -13 186 175 
25 -9 25 -12 108 175 
29 -8 28 -12 77 152 
29 -8 29 -11 77 126 
25 -9 26 -13 95 68 
21 -10 21 -12 165 64 
13 -11 12 -11 310 56 
5 -11 4 -10 473 30 
15 -5 15 -6 305 102 
21 -5 20 -8 260 110 
25 -5 25 -8 109 151 
29 0 28 -4 99 309 
30 0 30 -2 332 260 
17 -5 16 -6 459 232 
3 -5 3 -4 506 228 
11 -6 11 -5 390 357 
14 -5 15 -6 140 384 
23 6 22 3 165 394 
26 4 24 1 149 377 
27 0 26 -3 66 342 
27 -7 26 -8 69 325 
26 -8 24 -10 164 324 
20 -7 18 -8 359 300 
12 -7 11 -8 409 295 
4 -6 4 -6 507 302 
17 -3 13 -4 532 170 
22 -3 21 -6 499 170 
23 -2 23 -5 379 180 
31 1 29 -4 251 184 
33 0 32 -4 148 188 
36 1 36 -4 134 188 
39 0 38 -3 43 173 
37 0 36 -3 56 117 
34 -1 34 -6 247 83 
21 -5 21 -9 262 84 
14 -5 14 -7 331 92 
7 -7 4 -6 452 95 
16 -5 16 -4 524 50 
19 -5 18 -6 436 54 
21 -5 23 -5 313 32 
29 -2 32 -4 202 31 
34 -2 34 -4 177 34 
38 0 40 -3 65 36 
40 -2 42 -4 61 107 
35 -1 34 -3 273 76 
31 -1 31 -1 427 75 
17 -2 16 -2 529 75 
7 -1 7 1 447 152 
17 0 16 0 369 163 
28 1 28 0 276 183 
40 4 40 0 71 175 
38 2 38 -2 187 146 
37 2 36 0 182 227 
35 5 34 3 208 357 
25 4 24 3 363 332 
38 1 42 1 33 386 
38 1 42 1 43 322 
27 -5 26 -6 99 312 
17 -3 18 -5 265 313 
10 -7 11 -6 359 310 
1 -7 0 -6 466 303 
34 -10 36 -12 145 173 
37 -8 40 -12 45 160 
37 -11 40 -12 36 141 
37 -11 40 -12 42 123 
24 -9 27 -11 157 114 
19 -11 22 -12 334 112 
15 -7 17 -6 420 114 
15 -7 12 -4 516 114 
7 -9 7 -8 513 27 
11 -10 12 -8 450 28 
13 -9 14 -8 408 29 
20 -6 21 -8 301 30 
25 -7 25 -9 194 45 
27 -5 30 -10 188 45 
31 -7 34 -10 77 30 
34 -5 34 -9 56 164 
33 -1 36 -6 55 171 
33 -1 33 -5 132 230 
28 -1 32 -6 332 227 
15 -1 14 -1 367 225 
13 2 14 3 468 337 
17 0 18 1 401 339 
21 2 22 2 347 352 
27 4 29 2 249 355 
29 4 30 3 201 349 
3 4 0 5 493 547 
5 5 4 3 326 552 
16 7 12 3 171 564 
19 6 16 3 58 541 
21 8 20 5 50 693 
20 13 17 9 61 769 
25 10 24 5 41 659 
21 6 18 2 162 474 
19 7 18 3 172 648 
16 12 14 8 301 686 
18 10 15 6 306 477 
9 13 6 7 489 494 
9 12 5 8 489 509 
7 16 5 11 501 729 
14 9 12 5 438 728 
3 10 2 7 283 739 
15 8 12 5 167 714 
19 10 17 5 112 707 
23 10 22 4 65 693 
23 8 22 5 68 619 
25 7 24 1 69 612 
25 6 22 1 65 539 
21 8 20 1 143 542 
19 4 16 0 229 538 
15 5 16 0 234 539 
17 3 14 0 334 544 
15 5 12 0 406 558 
11 4 10 0 431 556 
7 6 5 1 521 550 
5 2 4 3 508 514 
15 1 12 1 341 503 
18 1 18 2 194 522 
28 4 28 3 52 611 
29 5 28 3 240 587 
23 4 22 3 282 578 
15 4 12 3 467 561 
21 10 19 7 161 684 
29 4 30 2 130 685 
32 7 30 4 48 755 
29 9 28 6 230 752 
29 9 28 6 388 743 
21 -1 18 -2 126 542 
21 -1 18 -2 117 539 
24 -2 24 -4 87 479 
25 -1 22 -4 86 432 
17 10 16 7 278 578 
23 6 24 7 130 584 
25 6 26 5 76 608 
25 6 26 5 50 651 
29 10 29 8 168 714 
29 10 28 9 378 694 
11 16 9 13 502 766 
14 14 12 11 415 768 
14 14 12 11 291 776 
14 14 12 11 132 749 
14 14 12 11 97 750 
33 4 33 0 235 559 
20 1 20 0 362 549 
15 0 10 1 422 407 
19 6 16 7 394 508 
25 10 24 7 252 507 
31 8 33 9 167 503 
33 10 34 9 58 543 
39 10 39 10 74 591 
31 14 32 11 245 580 
13 12 10 13 435 577 
22 9 23 6 248 745 
27 8 28 5 107 735 
25 10 27 6 41 749 
25 10 27 6 212 780 
19 10 18 9 374 776 
23 0 22 0 418 654 
27 2 26 -2 375 654 
30 3 29 0 242 653 
33 4 33 1 76 657 
33 2 32 -4 313 558 
29 0 32 -2 476 552 
11 0 8 1 499 415 
15 0 14 1 385 415 
25 2 24 0 274 420 
29 3 29 1 203 425 
33 4 34 1 177 425 
36 1 38 1 100 432 
39 2 40 1 30 434 
36 7 38 7 66 525 
36 7 38 7 83 525 
36 7 38 7 142 531 
29 12 31 13 299 529 
23 12 24 13 446 504 
15 6 14 3 528 696 
15 6 14 3 435 701 
15 6 14 3 268 690 
15 6 14 3 156 693 
15 6 14 3 88 650 
15 6 14 3 67 609 
35 2 34 -3 132 600 
21 2 22 -2 223 596 
13 -1 14 0 358 593 
-32 -15 -36 -11 1049 40 
-32 -7 -35 -3 1045 230 
-16 -9 -21 -6 816 222 
-8 -5 -11 -4 601 218 
-4 1 -9 1 570 378 
-20 0 -21 1 809 379 
-28 2 -29 2 1017 388 
0 -11 -2 -11 569 66 
-4 -4 -7 -4 606 142 
-3 -3 -8 -4 696 147 
-8 -5 -11 -6 790 110 
-11 -10 -13 -9 684 32 
-12 -13 -13 -12 781 60 
-24 -13 -24 -10 851 44 
-26 -12 -27 -9 904 55 
-30 -11 -30 -8 1022 67 
-32 -10 -33 -4 1072 95 
-34 -5 -33 -2 1063 180 
-32 -7 -31 -2 1026 199 
-28 -6 -29 -2 934 148 
-18 -7 -24 -4 792 165 
-9 -7 -15 -6 715 165 
-2 -5 -6 -8 611 149 
1 -7 -1 -9 588 145 
3 2 0 -1 599 296 
-3 1 -7 0 717 277 
-10 0 -15 0 746 275 
-12 0 -19 1 835 271 
-22 0 -25 1 946 283 
-27 4 -25 3 1006 279 
-26 0 -25 3 1055 362 
-20 2 -27 3 1052 375 
-20 2 -25 5 933 385 
-20 2 -25 5 921 382 
-12 4 -19 5 765 382 
-6 4 -8 4 639 390 
-36 -5 -35 -2 1026 372 
-38 -7 -35 -6 948 361 
-34 -9 -32 -6 892 349 
-21 -9 -23 -6 795 338 
-21 -9 -23 -6 729 337 
-14 -7 -17 -6 694 337 
-4 -8 -6 -6 602 334 
-7 -11 -7 -7 619 183 
-12 -11 -13 -8 729 164 
-12 -11 -13 -8 812 165 
-16 -9 -19 -8 820 167 
-24 -9 -25 -7 912 167 
-30 -9 -27 -6 996 174 
-32 -9 -29 -6 1047 173 
-32 -9 -29 -6 1064 150 
-42 -13 -36 -3 1049 102 
-40 -13 -37 -2 992 37 
-40 -14 -37 -3 887 68 
-37 -13 -35 -3 737 60 
-16 -14 -19 -8 570 50 
-16 -14 -17 -10 612 35 
-16 -14 -17 -10 734 22 
-30 -11 -26 -7 947 35 
-30 -11 -26 -7 1028 38 
-28 -12 -27 -8 1043 76 
-30 -11 -27 -8 1039 84 
-24 -12 -25 -6 1048 153 
-17 -11 -21 -8 869 136 
-12 -9 -15 -8 786 138 
-10 -9 -9 -7 699 116 
1 -3 -1 -2 704 230 
-5 -3 -11 -2 748 230 
-13 -4 -15 -1 866 221 
-17 -3 -17 -2 1019 200 
-17 -3 -17 -2 1027 201 
-24 0 -25 0 1048 283 
-24 0 -24 1 1042 285 
-24 0 -24 1 908 295 
-6 2 -15 3 866 296 
-2 2 -8 0 721 288 
-2 -1 -6 2 627 371 
-16 0 -15 4 762 361 
-16 0 -15 4 829 356 
0 -11 0 -6 564 315 
-8 -5 -9 -4 681 313 
-12 -7 -15 -3 791 307 
-20 -8 -23 -2 855 315 
-30 -7 -29 -1 938 313 
-32 -5 -29 0 1017 297 
-32 -5 -30 0 1020 287 
-32 -5 -30 0 1023 244 
-28 -5 -27 -2 951 217 
-24 -5 -21 -2 930 211 
-6 -5 -9 -5 792 203 
7 -8 4 -6 602 186 
0 -12 -3 -8 640 37 
-22 -9 -19 -4 806 23 
-28 -11 -25 -4 951 6 
-37 -10 -31 -3 1009 16 
-34 -12 -30 -4 1029 34 
-35 -11 -31 -4 1049 38 
-36 -9 -31 -2 1075 100 
-1 -1 -3 0 696 80 
-9 -7 -8 -4 668 219 
-12 -7 -15 -4 846 178 
-18 -6 -18 -2 999 175 
-22 -3 -21 1 1020 281 
-7 -3 -9 0 886 322 
5 -7 4 -4 694 334 
0 0 -3 0 646 379 
1 -7 -2 -5 600 303 
-4 -5 -7 -4 693 303 
-18 -5 -17 -1 844 303 
-18 -5 -17 -1 919 303 
-27 -2 -25 1 972 308 
-36 0 -31 3 1032 270 
-24 -4 -22 -1 1012 187 
-20 -5 -20 -3 923 183 
-8 -1 -8 -3 891 183 
2 -2 -1 -3 720 183 
7 -7 4 -6 621 101 
-12 -5 -11 -4 775 102 
-17 -8 -14 -6 952 77 
-22 -5 -18 -3 1053 80 
-22 -7 -19 -2 1085 77 
-20 -7 -18 -5 1062 29 
-20 -7 -18 -5 970 30 
-12 -7 -11 -2 949 32 
-6 -7 -8 -3 889 26 
-1 -8 -1 -4 793 32 
1 -7 0 -5 674 60 
3 -7 1 -4 608 43 
-5 -4 -7 -2 732 67 
-9 -4 -11 0 915 58 
-12 -5 -15 0 1032 63 
-21 -3 -20 0 1070 100 
-20 -3 -19 0 999 177 
-5 -1 -5 1 869 171 
-2 -1 -7 1 835 169 
-2 -1 -4 1 753 143 
1 -1 0 1 592 126 
5 0 2 1 582 128 
0 4 0 5 596 324 
-8 3 -9 5 729 320 
-8 3 -11 6 835 310 
-18 3 -17 7 1024 353 
-6 -7 -7 -5 567 312 
-12 -7 -13 -3 683 308 
-19 -3 -17 0 780 305 
-25 0 -21 2 873 303 
-29 0 -23 3 962 306 
-37 0 -26 2 1020 301 
-34 -3 -27 0 1042 219 
-27 -10 -23 -7 1022 203 
1 -3 2 -2 619 117 
-1 -5 -1 -4 715 126 
0 -5 0 -5 799 126 
-5 -8 -3 -6 839 128 
-17 -2 -13 0 886 120 
-16 -5 -15 0 822 129 
-20 -3 -19 0 940 122 
-33 -3 -27 0 1041 91 
-28 -7 -23 -2 1048 41 
-23 -14 -19 -10 945 30 
-22 -13 -17 -10 934 31 
-6 -11 -3 -11 812 21 
0 -11 -1 -10 750 20 
-2 -9 2 -10 723 19 
5 -11 5 -10 609 20 
1 -1 0 0 732 179 
-2 -1 -7 0 850 189 
-20 1 -17 4 943 204 
-20 2 -18 5 1035 220 
-24 3 -19 5 1056 252 
-22 5 -20 7 1055 265 
-14 4 -13 7 951 344 
-14 4 -13 7 869 330 
0 1 0 3 619 341 
-24 5 -29 7 1031 543 
-20 6 -25 8 912 546 
-10 5 -13 6 674 542 
-20 8 -22 8 809 685 
-28 6 -27 7 949 683 
-31 7 -34 12 1059 685 
-32 13 -32 15 1053 777 
-18 14 -21 15 865 761 
-10 11 -11 11 685 767 
-26 9 -28 12 965 479 
-31 8 -31 10 1049 500 
-34 8 -34 12 1057 568 
-30 11 -33 13 1030 599 
-27 14 -25 17 902 591 
-14 12 -15 15 642 583 
-7 12 -9 11 613 583 
-2 14 -5 7 632 685 
-21 10 -23 11 880 665 
-31 9 -32 11 1041 658 
-32 10 -32 12 1053 708 
-3 8 -7 4 801 725 
-12 8 -14 6 929 708 
-24 8 -21 7 955 712 
-29 7 -31 7 1025 732 
-29 6 -31 9 1053 728 
-30 6 -32 8 1048 772 
-27 7 -26 8 793 758 
-18 8 -17 7 718 756 
0 5 -3 1 601 548 
-13 3 -13 3 714 543 
-12 4 -16 4 774 540 
-21 5 -21 5 813 540 
-29 5 -29 6 899 540 
-32 4 -30 6 989 536 
-35 5 -34 5 1015 544 
-38 4 -35 3 1030 551 
-37 3 -34 6 1053 547 
-36 3 -33 5 1031 465 
-35 0 -34 1 1029 426 
-37 0 -32 8 1039 500 
-20 4 -21 7 852 515 
-18 4 -16 7 751 510 
-13 3 -13 5 714 510 
-6 0 -5 3 644 550 
-24 0 -23 5 771 571 
-32 2 -30 7 1030 603 
-28 6 -29 13 1047 698 
-28 8 -24 13 897 695 
-18 10 -19 14 838 698 
-6 8 -11 11 616 754 
-12 6 -14 10 699 763 
-20 6 -21 9 852 759 
-28 6 -29 11 997 752 
-30 6 -29 11 1016 751 
-32 0 -31 7 1029 718 
-25 0 -23 1 1024 642 
-24 4 -23 9 610 440 
-32 6 -28 10 826 436 
-38 4 -34 13 1004 437 
-30 10 -29 15 1020 614 
-8 10 -9 11 948 609 
-2 10 -2 9 666 589 
-2 10 -3 13 553 692 
-18 8 -17 11 732 688 
-28 8 -27 11 811 679 
-36 6 -31 13 902 680 
-41 9 -37 14 1028 720 
-38 10 -35 16 1037 765 
-18 12 -18 15 743 768 
-4 14 -6 13 674 765 
-16 2 -15 7 724 543 
-24 0 -23 7 733 543 
-25 1 -23 7 886 550 
-24 2 -23 7 1008 549 
-24 3 -22 7 1029 482 
-18 4 -15 9 1044 418 
-14 6 -14 9 1032 459 
-6 7 -7 11 870 481 
-9 9 -9 12 814 556 
-24 10 -21 14 1071 570 
-25 11 -23 13 1070 652 
-8 8 -7 9 644 785 
-14 8 -11 10 782 759 
-19 7 -19 11 840 759 
-28 6 -23 12 952 763 
-33 8 -29 14 1027 757 
-28 6 -24 11 1033 694 
-22 4 -19 10 987 677 
-10 6 -10 9 856 670 
-10 -1 -1 1 780 559 
-10 -1 -1 1 925 556 
-20 0 -17 3 1001 556 
-24 2 -21 5 1036 550 
-28 0 -24 6 1069 486 
-25 0 -22 1 1018 452 
-3 10 -1 11 633 493 
-11 8 -11 10 803 483 
-21 8 -19 11 909 482 
-30 9 -25 12 1016 493 
-24 5 -18 3 995 701 
-28 4 -22 7 989 695 
-15 7 -13 9 776 672 
0 0 0 1 643 578 
0 0 0 1 643 578 
8 -18 9 -20 478 47 
8 -10 7 -14 497 234 
18 -8 15 -12 328 252 
18 -8 23 -14 128 228 
20 -9 25 -14 100 299 
12 4 19 -4 299 389 
15 -10 12 -11 305 324 
13 -10 12 -12 446 306 
0 -17 0 -14 476 40 
5 -16 5 -15 334 76 
8 -16 11 -16 323 76 
15 -16 17 -16 184 80 
16 -16 19 -16 160 94 
18 -10 21 -12 153 235 
18 -8 21 -8 165 338 
18 -7 19 -6 166 356 
14 -6 16 -5 386 243 
5 -9 6 -8 417 223 
24 -2 27 -3 71 124 
6 -8 8 -9 312 75 
-2 -11 -2 -10 489 54 
2 -6 5 -6 338 219 
8 -6 11 -6 198 165 
0 -3 0 -1 472 62 
8 5 9 3 342 289 
11 1 12 1 277 147 
16 3 19 4 195 287 
14 -4 16 -4 239 75 
16 -4 18 -4 128 74 
13 -2 15 -2 214 160 
-1 -4 -2 -2 479 69 
24 7 27 5 19 312 
8 0 7 0 308 115 
-1 5 -3 7 542 230 
18 5 20 4 58 347 
10 1 9 1 370 57 
15 3 16 0 377 160 
6 -5 6 -2 417 77 
20 -2 21 -2 94 35 
10 1 11 1 288 182 
26 5 29 0 159 342 
19 -2 21 -4 230 73 
24 0 27 -2 133 278 
24 13 25 12 333 343 
30 5 33 1 110 375 
8 1 9 1 430 136 
1 2 1 3 449 337 
8 0 7 0 432 109 
0 -3 0 -2 527 42 
24 7 21 3 369 51 
18 7 15 3 503 157 
22 10 18 11 380 256 
12 1 11 3 515 104 
20 -9 25 -14 103 472 
12 4 19 -4 246 473 
8 -8 10 -10 414 689 
8 -8 10 -10 173 705 
8 -8 10 -10 65 677 
8 -8 10 -10 88 575 
14 -1 21 -3 247 574 
16 -5 17 -9 443 602 
7 -2 11 -2 450 464 
10 0 13 -2 366 533 
16 4 21 0 239 614 
17 2 21 1 227 614 
18 3 24 2 124 594 
23 6 28 2 112 584 
22 1 27 0 78 442 
10 3 12 1 253 402 
14 7 17 5 130 571 
3 8 5 7 374 657 
17 10 19 9 199 587 
24 15 28 13 177 625 
18 17 19 15 345 671 
16 13 19 11 194 648 
18 13 21 11 279 474 
18 11 20 10 204 640 
22 11 26 9 225 631 
20 9 22 6 280 417 
21 10 25 11 195 614 
12 11 15 11 415 428 
15 6 19 5 250 600 
15 17 19 11 171 648 
14 11 17 9 300 537 
26 1 25 -2 196 545 
20 14 21 13 373 623 
29 12 32 11 156 648 
11 10 12 4 224 666 
28 15 27 11 356 401 
14 17 12 18 537 466 
-9 -18 -10 -14 968 63 
-11 -8 -14 -8 995 230 
-4 -10 -7 -10 860 313 
-21 -8 -20 -6 1001 331 
-19 -6 -22 -6 1013 388 
-15 -13 -14 -12 1042 382 
-15 -20 -15 -17 1034 318 
-18 -17 -16 -16 1031 303 
-16 -17 -16 -15 1009 216 
-15 -16 -16 -14 929 184 
-13 -16 -14 -14 834 124 
-11 -16 -11 -13 772 108 
-9 -15 -10 -12 641 72 
-4 -16 -4 -14 625 69 
-13 -12 -14 -11 861 166 
-16 -13 -16 -10 935 166 
-23 -12 -22 -8 993 169 
-24 -12 -23 -7 984 332 
-19 -8 -18 -6 810 332 
-11 -7 -12 -3 802 331 
-6 -7 -5 -3 633 367 
-13 -12 -14 -9 797 60 
-21 -12 -20 -6 983 43 
-11 0 -9 0 745 225 
-12 -2 -14 0 831 65 
-12 0 -14 3 753 164 
-11 3 -10 5 828 371 
-21 -2 -21 0 1028 101 
-5 0 -5 0 602 105 
-19 0 -19 2 1013 95 
-15 0 -14 1 836 94 
-13 -2 -14 1 757 94 
-21 0 -20 3 1047 182 
-16 -3 -16 0 931 90 
-18 0 -17 4 914 100 
-16 5 -16 9 1028 137 
-17 1 -18 5 1016 104 
-9 3 -9 5 827 350 
-15 -1 -14 1 1045 126 
-9 0 -10 3 791 169 
-9 0 -9 0 747 98 
-7 3 -6 3 667 349 
-15 0 -12 3 905 183 
-17 0 -15 0 939 122 
-13 -6 -14 -4 810 148 
-21 -2 -20 0 1046 194 
-9 -2 -10 0 862 63 
-19 7 -18 12 1037 383 
-16 1 -15 4 731 320 
-21 7 -20 9 1054 357 
-23 -2 -23 3 956 78 
-23 -20 -22 -20 919 280 
-12 8 -16 11 892 189 
-22 6 -24 9 958 22 
-10 5 -12 5 1066 254 
-11 9 -13 12 940 148 
-15 13 -20 13 1058 282 
-15 13 -20 13 1058 282 
-20 -2 -21 -1 1046 561 
-17 1 -16 0 999 661 
-17 1 -16 4 951 711 
-17 1 -16 4 816 701 
-17 1 -16 4 640 712 
-7 -5 -6 -4 922 615 
-11 -4 -8 -4 946 614 
-14 -5 -11 -4 1045 586 
-13 -8 -10 -6 1045 540 
-13 -10 -12 -9 1045 452 
-25 -8 -24 -6 1000 522 
-21 -5 -17 -3 766 437 
-13 9 -12 9 738 656 
-21 11 -20 11 919 620 
-21 7 -19 9 1055 527 
-22 1 -20 3 1012 450 
-11 15 -10 17 747 669 
-21 15 -20 17 995 589 
-15 9 -14 9 1024 446 
-23 7 -22 11 941 452 
-14 10 -14 15 800 580 
-18 12 -19 16 984 477 
-7 7 -6 11 686 436 
-19 7 -17 11 979 450 
-20 13 -19 15 1038 652 
-18 10 -16 11 1041 500 
-19 8 -17 10 1039 502 
-11 15 -11 17 858 691 
-13 13 -12 13 924 610 
-15 23 -19 26 1061 546 
-8 24 -11 24 1046 486 
0 -10 0 -8 301 156 
3 -9 3 -7 191 173 
6 -8 6 -8 94 186 
10 -8 9 -7 59 254 
10 -2 11 -3 59 319 
9 -1 11 -3 70 349 
10 0 9 0 120 337 
6 -4 10 -3 171 291 
6 -4 7 -5 245 253 
6 -4 7 -5 318 244 
2 -6 1 -6 389 234 
2 -5 2 -5 542 227 
23 2 25 0 51 392 
20 3 23 -1 100 362 
20 3 21 2 249 327 
16 2 15 2 438 295 
5 -9 -2 -7 506 54 
10 -10 10 -8 218 49 
20 -14 24 -15 41 40 
15 3 17 4 271 365 
16 -1 13 -1 310 176 
20 -8 21 -9 113 144 
14 -14 17 -15 230 67 
18 0 21 0 204 243 
24 0 27 0 34 276 
10 -6 9 -7 303 20 
17 4 16 4 252 249 
4 3 4 2 446 254 
6 -8 8 -8 339 47 
17 -6 19 -9 142 56 
20 -2 23 -5 130 266 
22 7 22 5 90 390 
12 2 11 0 428 311 
-1 -10 -2 -10 508 48 
10 -10 9 -11 261 44 
16 -10 17 -11 149 68 
17 -2 21 -3 198 371 
16 -2 12 -3 386 230 
20 -2 23 -4 118 315 
22 -7 21 -11 230 225 
7 -9 9 -9 465 175 
0 -12 0 -11 339 60 
14 -8 15 -9 159 106 
16 0 18 -1 292 351 
16 -4 16 -5 231 340 
14 -6 15 -9 289 239 
12 -12 8 -12 403 113 
14 -8 12 -9 194 284 
12 -8 10 -10 320 143 
10 -8 3 -9 441 48 
0 3 -2 2 425 252 
8 -6 7 -7 41 76 
17 -5 17 -7 45 302 
15 0 13 -3 264 356 
13 -7 12 -8 220 169 
8 -8 6 -10 261 79 
12 -4 10 -6 304 193 
12 -4 11 -5 430 136 
9 -5 5 -5 369 339 
14 5 13 2 176 343 
21 4 21 1 54 321 
20 1 19 -1 121 227 
16 -6 15 -9 155 65 
12 -6 11 -7 304 302 
10 -4 9 -7 281 102 
8 -8 7 -8 335 53 
26 -10 26 -14 111 41 
20 -10 21 -11 387 14 
4 -12 3 -12 496 118 
21 -8 23 -11 226 124 
22 5 21 4 322 302 
28 1 9 -3 367 91 
-1 -8 0 -8 450 29 
16 -2 16 -4 218 179 
20 4 21 0 102 385 
1 -6 0 -6 499 111 
12 -6 11 -5 284 76 
17 -1 15 -3 229 255 
16 3 15 4 319 212 
11 0 11 0 102 343 
4 -2 2 -2 406 217 
12 -10 11 -5 400 45 
22 0 23 -1 53 293 
16 -2 16 -6 284 80 
20 -1 19 -6 84 228 
10 3 8 3 369 376 
28 7 27 2 153 149 
18 0 15 -2 370 52 
9 -4 7 -5 399 200 
14 0 16 -3 235 276 
10 3 3 0 548 202 
28 -2 29 -7 48 123 
24 -4 24 -8 174 37 
20 0 19 -5 274 295 
22 1 22 -3 91 346 
18 1 15 0 391 257 
8 -6 7 -7 426 77 
12 -4 7 -7 303 51 
6 -4 7 -5 284 188 
9 -4 9 -5 275 117 
7 -4 7 -6 467 91 
8 0 7 1 208 433 
13 3 13 2 111 437 
16 4 19 2 51 464 
19 9 21 7 53 615 
17 10 19 8 207 580 
12 9 10 9 401 557 
4 9 3 8 412 681 
13 9 12 6 288 683 
20 9 21 5 213 690 
20 9 23 6 85 713 
25 11 25 6 20 695 
23 9 22 5 49 625 
17 9 15 8 229 610 
17 10 13 8 365 606 
10 9 7 7 495 606 
4 1 5 0 439 447 
9 1 9 0 354 454 
15 0 15 0 283 455 
14 2 14 0 235 455 
17 2 21 0 168 460 
20 3 21 1 106 463 
22 3 23 0 60 458 
21 10 23 12 101 566 
11 8 13 10 376 465 
15 9 17 10 244 561 
22 15 23 13 185 679 
26 11 27 8 76 649 
14 11 13 12 336 674 
22 9 22 6 205 710 
18 15 17 13 287 780 
8 19 9 19 413 776 
7 1 9 0 411 589 
18 2 17 0 249 621 
13 15 12 12 421 773 
22 12 22 10 89 699 
16 18 15 18 273 758 
12 19 13 18 496 775 
19 10 22 10 120 566 
20 19 19 18 159 669 
14 13 15 10 293 596 
16 11 15 8 275 532 
22 15 21 12 204 684 
22 7 21 4 308 409 
14 3 15 0 135 465 
10 15 13 16 213 657 
10 19 11 18 327 742 
6 7 3 6 507 655 
18 8 20 7 285 647 
28 9 31 7 90 446 
21 11 23 10 263 556 
22 7 23 6 152 542 
22 15 24 17 118 704 
20 17 19 17 215 738 
7 17 7 18 480 784 
14 1 15 0 138 478 
17 8 17 6 195 603 
14 11 15 10 300 669 
23 14 25 16 81 679 
16 16 15 18 297 730 
21 7 21 2 174 488 
12 13 12 10 335 720 
6 1 4 0 240 623 
18 5 17 2 178 554 
28 17 29 14 175 713 
20 7 20 2 229 429 
26 5 27 0 72 422 
18 9 15 6 207 489 
10 15 9 14 305 629 
16 17 17 14 254 718 
26 13 25 10 155 740 
26 10 25 8 71 625 
20 5 19 3 211 527 
-25 -12 -22 -9 1065 183 
-29 -6 -20 -5 1055 193 
-24 -6 -20 -5 952 190 
-19 -6 -18 -5 891 201 
-20 -7 -19 -5 825 190 
-21 -8 -20 -7 780 163 
-19 -10 -19 -6 676 141 
-13 -12 -14 -9 604 139 
-5 -10 -10 -9 552 137 
-3 -6 -4 -5 645 224 
-9 -4 -9 -4 772 224 
-17 -6 -16 -3 922 222 
-22 -7 -20 -5 1012 229 
-23 -8 -22 -5 1052 236 
-9 -2 -8 0 840 210 
-17 -2 -16 -1 1021 144 
-17 -8 -18 -5 1029 28 
-9 -12 -6 -8 878 28 
-30 -2 -27 0 1033 384 
-31 -10 -29 -9 1046 130 
-16 -6 -16 -6 785 26 
-9 0 -13 -1 726 243 
-23 0 -21 1 947 253 
-29 -4 -24 -3 1051 210 
-28 -7 -26 -9 1045 78 
-9 -8 -12 -8 760 40 
-7 -5 -6 -5 749 196 
-24 -5 -20 -5 983 205 
-27 -8 -24 -5 1030 290 
-27 -10 -24 -7 941 111 
-15 -12 -13 -8 734 30 
-13 -6 -12 -7 928 113 
-19 -4 -19 -2 978 222 
-15 0 -15 1 862 202 
-13 -6 -10 -5 637 74 
-14 -6 -11 -3 745 217 
-17 -8 -15 -5 848 65 
-24 -9 -22 -6 1029 59 
-29 -2 -22 -1 1080 280 
-27 -8 -24 -5 1022 73 
-9 -10 -7 -9 645 61 
-13 -13 -8 -11 764 272 
-12 -4 -12 -1 705 322 
-11 -10 -12 -9 742 31 
-24 -10 -22 -7 965 62 
-10 -8 -8 -9 651 74 
-12 -8 -12 -8 821 67 
-17 -8 -14 -8 1019 50 
-19 -6 -18 -5 1040 242 
-19 -2 -16 -1 957 360 
-10 -2 -8 -2 843 213 
-21 -6 -18 -7 987 192 
-9 -10 -9 -9 762 75 
-13 -10 -14 -9 1023 55 
-21 -7 -22 -4 1037 327 
-8 -2 -7 -2 579 188 
-15 -8 -15 -6 939 47 
-27 -4 -24 0 1067 325 
-18 -1 -16 0 827 241 
-5 -10 -5 -9 614 24 
-11 -8 -10 -7 869 22 
-22 -5 -19 -4 1062 10 
-12 -11 -19 -9 1005 27 
-21 -12 -20 -9 1070 14 
-23 -12 -23 -7 1078 174 
-23 -6 -19 -4 932 175 
-9 -10 -8 -9 723 112 
-11 -10 -11 -7 846 35 
-23 -10 -20 -5 1011 25 
-25 -9 -23 -5 1094 19 
-23 -6 -23 -2 1019 192 
-3 -8 -2 -7 799 149 
-5 -2 -5 -4 593 68 
-17 -8 -16 -6 850 45 
-27 -8 -26 -5 1059 48 
-28 -6 -26 -4 1025 235 
-15 0 -17 0 726 306 
-2 -3 -6 -3 790 190 
-16 -7 -16 -5 1032 48 
-25 -3 -26 -5 1027 275 
-27 -8 -24 -7 1017 89 
-6 -10 -8 -11 684 79 
-11 -3 -8 -1 934 278 
-5 -3 -22 -1 1061 330 
-9 -4 -8 -4 956 43 
-20 -4 -20 -3 1049 62 
-11 -2 -10 -5 951 155 
-1 -8 -4 -7 835 50 
-31 -6 -28 -5 1011 54 
-31 -3 -28 0 1049 385 
-18 -3 -16 -1 745 110 
-19 -7 -16 -6 955 110 
-5 -11 -22 -9 1054 116 
-31 -8 -24 -7 966 222 
-9 -2 -8 -1 624 187 
-12 0 -10 0 802 288 
-14 0 -12 1 655 312 
-9 0 -8 -1 772 138 
-16 -10 -17 -8 838 88 
-16 -10 -17 -8 838 88 
-21 5 -20 7 1063 432 
-23 3 -21 5 990 426 
-23 3 -20 5 870 420 
-20 3 -22 4 808 413 
-17 1 -13 3 647 411 
-14 4 -14 6 888 539 
-21 5 -21 6 1002 544 
-23 4 -20 8 1066 552 
-23 7 -21 11 1062 691 
-21 9 -20 12 999 664 
-19 7 -12 10 887 696 
-12 8 -12 8 808 609 
-18 7 -17 8 991 606 
-18 10 -19 10 1058 605 
-23 7 -22 8 1060 525 
-23 7 -22 8 1019 476 
-25 1 -24 5 939 474 
-15 3 -16 6 846 458 
-16 1 -14 5 765 446 
-10 0 -10 2 637 454 
-31 13 -27 16 917 638 
-14 16 -13 17 984 609 
-15 17 -12 20 924 742 
-31 20 -28 20 1065 739 
-24 3 -20 4 1052 428 
-18 8 -16 8 888 439 
-17 5 -15 7 910 416 
-19 10 -16 10 883 649 
-18 17 -16 20 940 722 
-19 17 -17 18 1053 758 
-19 16 -16 18 1048 503 
-9 17 -12 18 788 757 
-21 17 -20 18 961 771 
-26 17 -24 20 1070 783 
-19 1 -16 2 842 526 
-15 9 -14 12 738 783 
-15 9 -14 12 919 755 
-15 9 -14 12 1061 791 
-23 7 -21 11 1058 471 
-21 17 -21 18 838 767 
-21 2 -22 4 842 665 
-11 15 -12 16 801 771 
-31 11 -26 13 1006 755 
-31 11 -28 12 1035 508 
-19 15 -18 16 919 750 
-25 13 -24 14 1037 753 
-26 9 -24 10 1036 553 
-25 1 -24 1 1055 542 
-23 3 -22 6 817 417 
-23 13 -22 14 1021 555 
-19 11 -14 12 706 578 
28 -7 28 -13 22 97 
25 -7 24 -13 124 94 
15 -9 14 -12 270 87 
7 -11 2 -12 394 80 
19 -9 -1 -13 540 77 
4 -9 2 -9 409 162 
15 -7 10 -9 285 161 
19 -5 18 -11 141 169 
24 -4 24 -9 79 166 
25 -5 24 -9 55 177 
27 -1 26 -5 29 271 
21 -3 20 -7 155 272 
16 -3 14 -7 240 272 
10 -3 8 -7 327 272 
21 -5 1 -6 412 272 
5 -5 -1 -7 495 268 
1 -3 1 -4 469 341 
6 -2 6 -4 353 338 
15 0 12 -5 236 335 
19 -1 17 -6 101 334 
22 -1 22 -7 20 329 
21 2 20 0 47 378 
17 1 17 -1 129 367 
13 3 10 0 221 364 
9 4 8 0 333 358 
3 2 -1 0 452 353 
1 2 -1 0 540 349 
7 0 6 -1 378 255 
13 0 11 -1 268 259 
20 0 18 -1 166 259 
23 0 22 -3 102 259 
26 0 26 -3 37 257 
23 -1 24 -4 39 197 
21 -3 21 -5 125 193 
16 -3 15 -5 217 191 
13 -4 12 -4 307 188 
9 -3 6 -4 416 188 
0 -4 1 -4 489 188 
6 -9 4 -9 474 117 
9 -7 9 -9 379 118 
17 -6 17 -8 251 120 
22 -4 22 -9 146 119 
26 -5 28 -7 90 119 
29 -5 30 -10 38 121 
27 -9 27 -13 24 59 
23 -11 23 -15 99 51 
17 -11 18 -14 176 52 
13 -11 14 -11 303 40 
10 -10 10 -11 486 39 
24 -10 1 -10 446 91 
13 -10 12 -11 346 93 
17 -9 20 -11 251 96 
23 -8 24 -11 154 100 
28 -7 30 -12 99 100 
29 -7 32 -13 39 104 
25 -5 27 -9 37 199 
20 -6 22 -9 78 197 
16 -7 20 -8 158 196 
15 -5 16 -7 236 191 
3 -6 4 -7 375 187 
3 -7 1 -6 507 179 
9 -2 8 -3 313 268 
13 -3 13 -4 276 269 
17 0 16 -3 205 271 
21 0 22 -3 135 272 
23 0 27 -2 23 276 
26 1 28 -1 73 274 
23 2 27 -1 26 352 
24 2 26 -1 68 361 
14 0 14 0 178 363 
10 0 8 0 258 360 
7 0 6 0 357 351 
1 0 2 0 511 347 
0 0 0 2 492 396 
7 2 6 2 359 396 
23 3 22 0 108 335 
18 1 18 0 185 334 
15 2 10 0 274 330 
7 0 6 0 295 330 
5 1 5 0 381 325 
5 -1 6 0 487 319 
0 -7 2 -7 530 248 
5 -7 7 -7 442 247 
18 -5 18 -7 320 252 
19 -5 19 -8 260 259 
24 -4 25 -8 129 265 
26 -4 28 -9 72 265 
26 -3 28 -6 35 259 
28 -3 28 -7 42 186 
24 -5 25 -9 147 180 
21 -3 22 -5 290 180 
14 -3 12 -4 408 176 
9 -3 6 -4 538 174 
9 -9 6 -9 419 117 
20 -8 17 -10 322 117 
25 -7 25 -11 154 110 
28 -7 28 -12 92 109 
31 -7 32 -13 42 106 
32 -7 32 -13 26 30 
29 -9 30 -11 90 28 
19 -13 19 -13 212 35 
3 -13 6 -11 422 70 
3 -13 6 -11 252 67 
15 -9 14 -9 177 69 
23 -9 24 -11 76 78 
23 -9 24 -9 43 78 
25 -5 26 -7 20 179 
21 -5 21 -5 81 185 
15 -6 14 -5 218 185 
5 -8 6 -5 402 175 
7 -7 8 -4 367 269 
10 -5 12 -5 232 273 
19 -5 20 -7 139 275 
25 -3 26 -5 34 276 
24 -3 28 -3 34 369 
21 -2 23 -2 195 362 
17 -1 18 -1 330 370 
6 -2 8 -1 496 379 
3 -7 4 -5 417 302 
19 -4 18 -5 271 307 
23 -5 24 -7 206 309 
29 -5 30 -7 127 310 
31 -5 32 -9 60 310 
31 -5 34 -9 32 233 
29 -6 30 -11 118 195 
23 -8 27 -9 186 200 
23 -7 20 -11 327 199 
23 -7 20 -11 327 199 
23 7 23 2 17 443 
19 6 18 4 161 441 
18 6 14 4 278 442 
6 5 4 3 365 442 
1 6 0 4 474 437 
3 10 0 8 497 592 
7 10 6 7 416 593 
17 11 13 9 313 593 
20 13 17 9 196 595 
24 11 23 8 104 593 
30 14 30 8 51 590 
29 18 30 14 46 735 
25 22 25 18 124 738 
20 22 18 18 255 746 
16 22 16 19 330 740 
5 18 7 18 437 740 
3 14 1 12 324 652 
21 15 20 12 221 653 
25 16 22 10 118 653 
33 16 33 8 41 653 
27 14 26 10 47 582 
23 15 21 12 120 574 
17 13 14 10 233 575 
8 13 8 8 322 574 
5 10 1 8 448 574 
5 2 3 1 419 440 
9 3 6 1 281 439 
17 2 14 0 162 441 
20 3 18 0 84 439 
21 2 20 -1 48 434 
9 2 8 0 288 402 
17 3 16 0 190 410 
21 3 20 -1 93 417 
22 4 22 0 38 422 
23 4 22 0 26 502 
21 4 20 0 98 498 
17 6 18 2 212 498 
9 4 9 2 347 496 
9 4 9 2 377 496 
4 4 5 1 388 560 
9 6 10 6 285 561 
16 8 16 7 204 558 
21 10 20 6 109 559 
24 10 24 8 37 559 
25 14 24 9 21 613 
23 12 23 12 101 619 
18 12 18 10 186 624 
12 11 10 10 295 630 
7 12 4 12 433 626 
-1 15 -3 15 495 683 
2 16 3 15 401 678 
12 17 13 15 226 675 
19 18 18 18 137 677 
21 18 20 18 31 681 
21 18 18 16 43 767 
21 18 20 19 143 760 
13 18 15 17 258 755 
8 18 8 16 352 754 
7 16 8 18 466 754 
11 15 9 14 247 696 
17 16 16 12 89 696 
19 16 21 16 4 691 
22 13 23 12 11 554 
23 14 23 9 63 541 
17 12 15 12 163 547 
11 10 11 12 314 546 
9 10 7 11 390 547 
3 10 3 9 501 553 
6 3 -1 4 489 421 
3 4 1 2 353 421 
19 4 10 4 258 423 
21 6 20 2 150 429 
27 8 26 2 94 420 
25 6 24 2 30 422 
-1 -2 -1 0 513 476 
3 -1 6 -1 396 480 
13 -4 14 -3 295 480 
17 -2 16 -3 199 482 
20 -2 22 -3 97 482 
19 -1 20 -2 29 483 
15 -3 14 -5 43 605 
13 -3 13 -3 118 599 
13 -3 13 -3 242 599 
1 -3 3 0 364 601 
1 -3 3 0 454 600 
-2 6 -3 6 478 657 
9 6 10 4 362 657 
11 6 12 6 297 656 
15 8 12 4 190 655 
19 8 18 6 77 655 
20 9 22 4 36 662 
21 9 22 5 22 759 
21 10 20 7 95 754 
16 8 14 7 210 752 
7 6 8 8 334 752 
3 7 2 8 439 751 
7 4 7 5 404 670 
17 6 14 2 280 663 
23 4 24 0 121 664 
28 5 32 2 35 664 
27 0 31 -5 35 469 
23 0 24 -3 123 466 
19 -1 20 -4 202 464 
9 -2 10 -3 366 466 
-13 -15 -15 -15 778 24 
-26 -13 -29 -13 1050 20 
-19 -14 -25 -13 914 27 
-14 -13 -15 -14 696 28 
-8 -10 -11 -11 726 80 
-14 -11 -13 -11 912 83 
-18 -11 -21 -11 1023 78 
-24 -11 -24 -11 1074 78 
-26 -10 -23 -9 1069 194 
-24 -9 -21 -9 969 177 
-19 -9 -20 -8 832 170 
-13 -10 -14 -10 705 170 
-13 -10 -14 -10 570 161 
-6 -5 -3 -7 612 258 
-10 -8 -10 -8 747 252 
-13 -7 -11 -6 873 252 
-29 -6 -27 -6 1003 260 
-29 -7 -27 -5 1059 267 
-26 -5 -25 -5 1065 321 
-20 -5 -21 -5 976 362 
0 -3 -17 -5 842 351 
-6 -3 -9 -1 703 348 
2 -3 0 -5 579 348 
-4 2 -5 0 687 356 
-8 2 -8 0 850 358 
-18 2 -17 0 1037 368 
-16 2 -17 0 1062 368 
-22 -1 -21 -3 1059 256 
-18 -2 -17 -3 943 241 
-18 -2 -17 -3 877 242 
-8 -1 -6 -2 711 245 
3 0 3 0 553 249 
-2 -5 -2 -4 629 181 
-6 -3 -7 -3 768 184 
-20 -3 -17 -3 901 189 
-19 -5 -21 -3 953 193 
-27 -6 -25 -3 1028 196 
-32 -5 -26 -4 1059 200 
-32 -7 -27 -4 1057 113 
-27 -13 -23 -10 980 110 
-18 -11 -19 -8 858 112 
-16 -9 -15 -8 785 112 
-8 -11 -9 -9 653 111 
-4 -10 -5 -11 550 111 
0 -11 -3 -11 659 41 
-10 -11 -10 -10 839 39 
-10 -11 -15 -10 959 38 
-10 -11 -15 -10 1059 41 
-20 -13 -25 -9 1081 67 
-26 -13 -24 -9 1066 112 
-17 -12 -20 -9 976 87 
-14 -11 -11 -11 834 88 
-10 -13 -7 -11 743 87 
-2 -12 -2 -10 608 91 
0 -5 2 -4 586 179 
-12 -7 -10 -5 835 179 
-22 -7 -22 -3 1022 181 
-32 -9 -25 -3 1064 187 
-29 -3 -26 4 1059 283 
-30 -3 -26 2 999 271 
-27 -2 -22 1 915 282 
-22 -1 -21 2 852 278 
-14 -1 -15 0 779 268 
-14 -1 -11 0 658 273 
-8 0 -5 0 587 267 
-2 0 -1 0 592 338 
-8 -1 -7 2 711 338 
-5 0 -13 2 804 336 
-22 0 -21 4 897 332 
-30 -1 -25 2 978 339 
-26 0 -23 4 1033 342 
-30 -1 -27 4 1056 347 
1 -1 1 -2 581 318 
-5 -4 -5 -1 690 317 
-9 -5 -9 -1 811 315 
-16 -3 -13 -1 892 315 
-16 -3 -13 -1 983 324 
-22 -4 -17 -1 1042 325 
-21 -5 -17 -1 1060 327 
-21 -7 -16 -3 1070 250 
-18 -7 -14 -7 971 237 
-13 -8 -12 -6 912 239 
-11 -8 -9 -7 824 242 
-4 -9 -2 -8 693 246 
1 -3 0 -3 675 173 
-7 -5 -6 -5 799 168 
-10 -6 -9 -5 903 170 
-17 -5 -15 -3 1012 174 
-17 -5 -17 -5 1068 179 
-18 -9 -15 -7 1072 109 
-18 -9 -15 -7 959 110 
-9 -11 -9 -9 847 117 
-7 -11 -5 -9 685 120 
-14 -16 -13 -13 920 30 
-19 -16 -15 -11 1048 25 
-10 -15 -18 -11 1097 30 
-8 -15 -17 -9 1092 70 
-19 -16 -17 -11 966 67 
-11 -15 -7 -11 853 74 
-6 -14 -4 -12 719 72 
-2 -13 -1 -11 612 74 
1 -9 2 -5 568 175 
-6 -9 -2 -4 676 179 
-7 -8 -7 -3 841 181 
-16 -7 -13 -3 937 178 
-6 -7 -17 -1 1027 179 
-24 -9 -21 -1 1072 180 
-8 -9 -25 -3 1062 277 
-8 -9 -25 -3 955 271 
-18 -9 -15 -3 856 277 
-12 -11 -9 -7 764 273 
-8 -11 -2 -6 662 272 
1 0 -1 0 666 371 
-2 -3 -4 0 773 371 
-16 -3 -11 0 866 370 
-22 -3 -21 0 950 370 
-25 -3 -21 0 1003 378 
-22 -3 -21 -1 1060 377 
-25 -10 -20 -6 1066 340 
-24 -11 -21 -7 969 329 
-24 -11 -21 -7 884 316 
-24 -11 -21 -7 771 313 
-10 -11 -8 -7 557 308 
-6 4 -5 2 584 434 
-8 3 -10 3 719 434 
-16 4 -15 4 874 436 
-20 2 -21 2 999 452 
-25 3 -23 4 1050 453 
-26 6 -24 8 1063 585 
-26 6 -24 8 942 590 
-18 8 -17 10 838 592 
-14 12 -15 12 823 741 
-23 13 -21 16 880 736 
-30 14 -27 15 963 735 
-32 14 -29 16 1064 741 
-32 12 -30 14 1062 647 
-27 13 -26 14 933 663 
-16 13 -15 14 779 654 
-10 8 -7 8 721 576 
-14 8 -13 8 849 578 
-23 7 -21 7 929 582 
-28 8 -21 6 1033 580 
-28 8 -21 6 1062 579 
-26 4 -24 7 1057 461 
-28 4 -27 4 945 451 
-20 2 -19 3 847 454 
-18 2 -17 2 708 441 
-6 2 -6 2 577 438 
-31 0 -26 3 1061 418 
-29 0 -27 4 1010 418 
-28 1 -25 6 941 418 
-24 0 -21 4 877 416 
-20 0 -15 4 823 416 
-16 0 -11 2 777 415 
-14 0 -13 4 733 415 
-10 0 -7 2 602 412 
-4 -2 -5 0 608 482 
-14 0 -11 0 733 475 
-20 0 -16 1 806 471 
-20 0 -24 3 908 468 
-32 2 -27 2 1014 466 
-32 4 -29 8 1054 472 
-32 7 -29 12 1059 537 
-24 8 -22 13 996 549 
-26 10 -21 14 925 552 
-26 10 -21 14 868 552 
-16 9 -13 11 769 555 
-10 8 -5 8 636 553 
0 12 -1 12 600 620 
-9 12 -9 13 693 614 
-28 12 -27 13 988 608 
-30 14 -29 16 1061 609 
-32 15 -27 17 1067 632 
-31 16 -27 18 1057 678 
-30 15 -30 20 985 682 
-24 16 -23 18 880 683 
-21 16 -19 19 792 684 
-17 16 -15 16 635 690 
-4 14 -5 17 564 752 
-20 15 -19 17 785 750 
-24 14 -21 20 911 759 
-24 14 -21 20 978 758 
-36 14 -34 18 1062 758 
-37 14 -33 20 1077 707 
-37 14 -33 20 970 704 
-35 13 -30 19 883 706 
-35 13 -30 19 797 706 
-6 12 -3 12 724 706 
-2 10 -3 8 647 543 
-2 10 -3 8 721 546 
-15 10 -15 12 802 551 
-17 9 -16 11 889 555 
-17 9 -16 11 976 557 
-27 5 -25 10 1006 558 
-27 5 -25 10 1060 563 
-34 3 -29 8 1060 468 
-28 0 -27 4 1010 449 
-24 2 -22 4 907 444 
-17 1 -17 4 843 440 
-17 1 -17 4 801 435 
-13 1 -11 4 774 432 
-13 3 -13 4 657 419 
-8 0 -11 4 585 419 
-24 -3 -23 0 1068 476 
-24 -3 -23 0 987 476 
-22 -5 -19 -2 890 476 
-3 -2 -4 -2 630 474 
-4 -3 -3 0 704 592 
-19 0 -17 2 849 590 
-19 0 -17 2 955 588 
-19 0 -17 2 1055 585 
-19 0 -17 2 1078 656 
-28 2 -25 10 997 673 
-26 4 -25 10 899 667 
-26 4 -25 10 800 667 
-10 4 -7 6 608 662 
0 8 -11 11 897 742 
-17 9 -17 12 1042 759 
-17 9 -17 12 1086 747 
-17 9 -17 12 1064 669 
-20 4 -19 10 812 680 
-20 5 -19 10 598 674 
-6 -5 -8 0 769 460 
-18 -3 -13 0 883 457 
-21 -3 -18 0 1009 451 
-24 -4 -22 1 1068 455 
19 -9 17 -12 31 21 
18 0 16 -1 59 20 
14 -8 12 -8 118 21 
10 -8 7 -12 190 25 
10 -14 3 -16 276 19 
10 -10 3 -12 376 20 
4 -12 1 -14 297 81 
11 -12 9 -13 222 85 
17 -10 17 -12 139 88 
16 -10 16 -13 79 86 
18 -9 18 -13 54 91 
13 -8 13 -10 42 164 
12 -6 13 -7 107 162 
10 -4 8 -7 197 166 
8 -6 7 -6 273 168 
12 -2 5 -3 347 170 
22 -2 3 -4 516 167 
11 -1 9 -2 322 226 
18 0 13 -2 239 228 
21 0 19 -4 143 236 
25 0 23 -4 61 238 
22 2 21 0 24 297 
24 3 21 1 64 313 
6 1 8 2 372 332 
11 0 9 1 316 332 
16 2 14 0 256 333 
18 2 16 0 200 335 
19 1 23 0 154 334 
20 1 20 1 115 334 
22 1 23 1 70 335 
22 1 21 1 12 334 
22 1 23 0 22 263 
21 0 21 -2 55 261 
19 0 23 0 119 261 
16 0 19 0 170 263 
12 0 13 0 226 266 
12 1 12 1 302 264 
12 1 9 0 359 264 
8 1 7 1 504 259 
6 -2 5 -2 483 195 
8 -4 8 -4 416 194 
10 -4 11 -4 316 196 
16 -4 15 -4 265 196 
18 -4 21 -4 186 198 
18 -4 21 -6 106 197 
24 -6 27 -6 55 196 
24 -6 27 -6 26 196 
24 -5 25 -8 33 127 
21 -6 22 -6 115 122 
20 -6 22 -7 178 122 
14 -6 16 -5 257 121 
12 -6 13 -6 316 119 
10 -6 11 -6 390 119 
12 -8 12 -6 540 113 
14 -12 1 -9 539 39 
14 -12 1 -9 472 40 
8 -10 7 -10 366 39 
13 -10 13 -10 293 40 
16 -12 18 -13 208 42 
19 -11 21 -13 150 43 
22 -11 21 -12 85 41 
25 -9 29 -14 3 43 
26 -10 23 -13 11 131 
8 -14 11 -17 221 124 
7 -15 9 -16 270 124 
7 -15 9 -16 392 122 
7 -14 1 -13 511 121 
12 -5 7 -5 316 214 
12 -4 14 -7 214 215 
14 -4 14 -5 160 215 
16 -4 17 -6 87 213 
15 -3 19 -2 42 217 
16 -4 17 -4 31 284 
15 -4 17 -4 124 287 
12 -2 15 -5 207 287 
12 -3 11 -3 279 286 
10 -1 11 0 405 286 
4 -1 6 0 409 339 
6 0 6 1 334 339 
14 0 17 0 281 340 
16 0 17 0 219 344 
16 -1 17 0 128 346 
16 0 21 1 52 347 
26 0 25 -4 39 394 
20 0 19 -4 97 389 
20 0 19 -4 132 391 
21 -1 15 -2 193 394 
21 -1 15 -2 278 389 
12 -2 8 -2 392 390 
6 -2 5 -2 522 382 
26 -10 9 -10 452 277 
26 -10 9 -10 386 279 
18 -7 15 -11 283 273 
22 -6 23 -10 222 267 
24 -6 23 -10 169 262 
24 -4 27 -9 122 261 
28 -4 27 -8 63 259 
29 -3 28 -9 26 255 
24 -4 23 -8 63 162 
21 -3 19 -8 174 174 
22 -4 23 -7 249 173 
17 -3 14 -5 367 175 
15 -4 11 -6 473 179 
6 -9 4 -9 349 60 
11 -9 8 -9 290 62 
14 -8 13 -8 241 63 
17 -9 15 -10 189 63 
20 -9 19 -12 123 62 
20 -9 20 -11 78 62 
22 -8 21 -11 27 63 
20 -10 19 -10 25 86 
17 -9 16 -10 129 84 
16 -9 15 -10 172 91 
15 -10 15 -10 290 103 
15 -10 15 -10 392 102 
10 -12 7 -11 493 103 
18 11 17 11 45 452 
19 12 20 12 192 449 
16 13 14 15 280 448 
4 11 3 9 399 445 
0 10 -2 11 495 434 
-1 7 0 9 418 497 
8 7 7 5 349 498 
12 7 11 7 249 498 
14 7 10 4 190 498 
14 6 14 3 122 496 
16 6 17 3 55 501 
17 8 16 6 80 591 
17 10 14 8 164 594 
13 9 13 8 244 586 
10 9 10 6 329 584 
6 9 6 8 478 587 
2 13 0 11 378 678 
6 13 7 10 309 679 
12 13 8 10 220 680 
16 15 13 11 68 677 
18 15 17 12 36 762 
20 15 19 14 118 774 
16 15 13 13 189 770 
16 15 13 13 269 769 
6 13 3 13 373 768 
4 17 3 15 482 766 
-1 13 -1 11 475 719 
6 13 5 11 337 718 
14 15 13 13 265 719 
18 13 12 11 123 718 
16 14 13 11 60 719 
18 13 17 10 25 682 
24 14 19 11 28 617 
16 12 13 11 97 617 
15 13 13 11 167 617 
13 12 13 13 239 617 
6 13 13 13 344 617 
1 8 0 8 515 509 
0 7 0 8 354 515 
12 8 7 6 286 515 
18 9 13 7 199 517 
16 7 21 7 93 515 
22 7 23 5 43 512 
23 5 23 3 47 406 
21 6 19 1 110 407 
18 5 17 5 158 407 
16 7 15 5 224 405 
10 5 8 5 311 401 
16 0 21 1 32 423 
15 0 17 0 86 431 
14 0 13 1 167 427 
8 0 10 1 223 424 
8 0 9 3 279 426 
4 -1 7 1 397 420 
4 -1 7 1 453 419 
12 3 11 0 419 485 
16 1 17 0 338 484 
16 0 17 0 273 485 
20 1 20 0 182 485 
19 1 23 0 118 485 
22 1 23 -1 53 484 
22 1 23 -1 39 572 
20 1 19 0 139 580 
20 1 19 0 198 579 
16 1 15 0 273 581 
13 1 13 1 333 582 
27 1 10 2 424 590 
27 1 10 2 487 591 
-1 5 0 7 540 679 
0 5 2 6 453 674 
0 5 2 6 389 677 
6 7 6 5 331 679 
13 8 11 4 263 679 
14 7 13 7 188 678 
14 7 13 7 129 679 
14 7 13 7 83 684 
15 5 16 4 30 703 
0 0 -1 -3 74 751 
6 1 5 -2 162 751 
2 1 -2 0 269 750 
8 0 5 -4 496 685 
12 1 7 -2 382 687 
12 1 11 -2 314 682 
17 0 15 -2 214 678 
20 1 17 -4 132 677 
22 4 23 -1 69 677 
20 3 18 -2 43 620 
20 3 19 -2 72 607 
15 2 14 -1 140 624 
16 1 15 -3 305 620 
14 1 13 -2 393 614 
6 -1 5 -2 547 602 
21 -3 0 -2 501 491 
21 -3 0 -2 423 490 
12 0 9 -4 346 488 
20 0 15 -2 270 487 
20 0 15 -2 200 488 
20 0 17 -2 119 489 
25 0 25 -4 36 494 
-11 -14 -12 -14 760 19 
-17 -12 -18 -14 859 27 
-17 -12 -25 -12 971 29 
-27 -16 -28 -14 1068 24 
-29 -16 -28 -14 1073 79 
-26 -14 -27 -12 976 81 
-21 -14 -21 -13 886 81 
-18 -13 -17 -12 797 79 
-9 -7 -10 -5 730 166 
-17 -6 -14 -4 861 159 
-18 -5 -20 -4 967 169 
-27 -6 -28 0 1059 175 
-28 -3 -26 0 985 245 
-28 -3 -26 0 928 234 
-21 -4 -22 0 846 233 
-18 -3 -19 0 752 232 
-16 -2 -12 0 655 227 
-4 4 -10 5 828 291 
-15 4 -16 5 931 283 
-23 3 -22 6 1030 293 
-26 4 -24 7 1085 338 
-22 4 -22 7 1067 386 
-19 4 -18 7 970 379 
-17 4 -16 5 889 376 
-11 4 -12 5 834 375 
-3 3 -4 3 732 373 
-23 0 -19 3 1058 336 
-22 0 -20 3 1019 334 
-22 0 -20 3 964 330 
-19 0 -16 2 849 333 
-10 1 -10 3 757 335 
-7 1 -8 3 660 336 
-5 1 -6 1 581 336 
-5 0 -1 1 651 259 
-10 0 -7 0 724 256 
-10 0 -10 0 802 254 
-15 0 -14 0 892 259 
-17 1 -15 1 987 260 
-23 1 -18 1 1071 263 
-21 -2 -17 0 1077 195 
-21 -4 -18 0 1017 187 
-19 -3 -16 -2 921 192 
-19 -3 -16 -2 812 198 
-9 -4 -8 0 688 200 
-5 -2 -4 -4 580 197 
-13 -8 -10 -2 754 114 
-16 -8 -13 -3 888 114 
-19 -8 -18 -2 1021 124 
-26 -9 -19 -4 1065 120 
-26 -12 -22 -8 1075 53 
-11 -14 -16 -10 1044 34 
-21 -14 -15 -12 842 36 
-5 -14 -6 -10 696 35 
-7 -12 -3 -11 612 38 
-12 -10 -8 -10 887 122 
-5 -10 -8 -8 977 126 
-15 -8 -14 -8 1037 128 
-20 -9 -15 -6 1082 197 
-19 -8 -15 -5 1015 211 
-17 -8 -14 -6 954 212 
-13 -8 -12 -6 864 210 
-10 -6 -8 -4 785 210 
-11 -6 -6 -3 717 213 
-9 -8 -3 -5 639 214 
-9 -1 -3 0 764 277 
-15 -2 -12 0 879 276 
-11 -4 -10 -2 965 276 
-17 -2 -14 -3 1025 281 
-20 0 -17 -1 1055 283 
-23 1 -20 1 1062 354 
-20 0 -16 3 999 358 
-16 0 -12 1 918 359 
-16 -3 -11 0 833 351 
-16 -3 -11 0 744 347 
-7 -2 -3 0 669 346 
-7 -2 -3 0 578 343 
-11 -5 -12 -2 744 384 
-19 -4 -20 -4 853 392 
-23 -6 -26 -3 968 395 
-25 -5 -24 -3 1025 392 
-27 -6 -25 -3 1067 393 
-27 -8 -28 -5 1069 293 
-25 -9 -25 -4 990 285 
-25 -8 -26 -6 919 283 
-18 -9 -20 -6 824 281 
-18 -9 -20 -6 703 279 
-18 -9 -20 -6 625 279 
-10 -5 -10 -2 920 174 
-13 -3 -14 -2 1028 176 
-14 -3 -16 -2 1088 179 
-17 -7 -18 -4 1077 85 
-16 -8 -18 -4 1021 71 
-12 -5 -15 -4 937 74 
-11 -10 -11 -6 808 71 
-8 -9 -5 -7 701 70 
-8 -9 -5 -7 626 70 
-13 -7 -13 -4 978 121 
-17 -6 -16 -4 1057 122 
-17 -6 -16 -4 1057 122 
-1 11 -4 11 686 428 
-10 8 -14 11 800 428 
-20 8 -20 9 904 428 
-25 9 -22 11 1012 439 
-27 7 -22 11 1057 442 
-26 9 -24 11 1066 499 
-23 9 -23 12 944 510 
-23 10 -23 12 879 502 
-14 8 -12 11 757 498 
-5 7 -5 9 686 498 
-3 9 -4 9 553 587 
-7 9 -6 9 690 590 
-13 9 -12 9 798 590 
-23 6 -22 9 886 590 
-23 8 -20 9 1044 596 
-24 8 -24 9 1088 609 
-27 9 -25 11 1081 685 
-20 9 -24 11 1030 677 
-21 10 -22 11 938 678 
-21 10 -22 11 880 675 
-12 10 -14 11 796 677 
-6 11 -10 11 693 677 
-1 12 -4 12 636 681 
-9 14 -6 15 780 766 
-17 11 -15 14 848 766 
-20 11 -18 13 961 767 
-21 11 -18 13 1057 768 
-23 11 -21 13 1064 733 
-22 9 -20 11 977 718 
-19 9 -18 13 877 730 
-19 9 -18 13 771 728 
-19 9 -18 13 669 724 
-19 9 -18 13 571 719 
-3 13 -4 11 714 620 
1 10 -15 12 928 622 
-17 11 -15 14 1005 623 
-22 9 -21 12 1088 627 
-20 9 -20 9 1070 504 
-20 7 -17 9 971 514 
-13 8 -14 7 892 512 
-11 7 -12 9 835 512 
-11 7 -10 8 695 511 
-7 9 -8 10 582 510 
-3 5 -2 6 633 402 
-2 4 -3 6 700 403 
-10 3 -5 6 767 404 
-13 1 -12 5 837 407 
-15 3 -11 6 969 411 
-19 5 -17 6 1029 413 
-21 3 -18 6 1067 414 
-7 -1 -3 0 669 408 
-7 -1 -3 0 735 404 
-7 -1 -3 0 809 403 
-17 0 -13 -1 931 406 
-22 0 -18 0 1004 423 
-23 0 -19 1 1064 423 
-27 2 -22 5 1048 497 
-23 3 -18 5 963 497 
-23 3 -18 5 914 497 
-21 1 -18 3 848 497 
-13 3 -12 3 776 495 
-13 3 -12 3 685 490 
-5 2 -1 4 606 488 
-5 2 -1 4 556 490 
-10 1 -10 1 739 590 
-10 2 -6 3 749 589 
-14 1 -12 1 867 593 
-14 1 -12 1 995 592 
-14 1 -12 1 1064 611 
-23 5 -20 5 1072 663 
-19 5 -16 7 1024 679 
-19 4 -14 7 958 669 
-19 4 -14 7 873 669 
-19 4 -14 7 785 673 
-4 6 -4 5 662 671 
-2 6 0 5 591 681 
-6 3 -10 2 556 771 
-21 2 -24 3 705 749 
-23 1 -26 2 763 765 
-29 3 -28 5 873 769 
-29 3 -28 5 981 771 
-31 3 -32 4 1066 773 
-32 3 -32 3 1063 690 
-32 3 -32 3 990 693 
-32 3 -32 3 887 691 
-32 3 -32 3 794 691 
-32 3 -32 3 697 692 
-32 3 -32 3 650 690 
-32 3 -32 3 551 688 
-5 0 -7 -2 813 606 
-13 1 -12 0 897 612 
-13 1 -12 0 975 614 
-13 1 -12 0 1065 618 
-23 -2 -22 -2 1064 531 
-23 -4 -22 -2 977 516 
-19 -4 -19 -1 867 494 
-19 -4 -19 -1 705 492 
-9 -2 -10 -1 605 492 
-9 -2 -10 -1 575 491 
3 -8 0 -11 448 166 
14 -12 4 -11 350 169 
12 -9 10 -11 248 168 
15 -10 14 -13 151 174 
20 -8 19 -14 59 178 
24 -1 22 -3 40 309 
20 0 18 -2 145 303 
16 1 13 -2 260 316 
10 1 6 -1 368 316 
22 1 2 0 439 316 
24 3 24 0 80 385 
20 3 18 0 199 385 
20 3 20 0 296 382 
9 1 8 -1 402 378 
6 1 6 0 482 376 
5 -3 6 -4 517 234 
6 -6 6 -5 401 236 
17 -4 18 -7 289 236 
22 -4 22 -7 212 238 
24 -2 26 -7 138 239 
27 -3 29 -7 56 242 
28 -4 27 -8 38 139 
24 -4 23 -6 89 135 
18 -4 18 -6 209 134 
16 -4 17 -5 316 133 
23 -8 10 -5 493 134 
20 -11 3 -10 469 33 
18 -12 14 -11 298 29 
22 -8 24 -11 162 30 
26 -10 26 -11 89 27 
27 -8 28 -11 45 26 
27 -5 28 -9 37 105 
22 -7 22 -7 208 101 
19 -7 19 -8 338 104 
8 -7 10 -6 499 105 
14 -10 -1 -8 420 200 
14 -7 16 -7 284 204 
19 -6 18 -6 165 200 
25 -6 24 -7 90 205 
24 -4 25 -7 40 205 
22 -1 22 -3 38 287 
16 -2 17 -2 171 289 
18 -2 12 0 286 289 
9 0 6 0 395 286 
4 0 4 2 520 281 
1 -1 0 2 432 324 
12 0 9 1 301 326 
16 0 14 0 223 330 
22 1 22 0 129 330 
25 0 24 -1 56 323 
26 -2 24 -5 39 241 
18 -2 16 -2 176 220 
18 -2 16 -2 339 229 
14 -6 14 -3 246 112 
19 -5 18 -5 140 114 
20 -6 20 -7 53 116 
20 -8 18 -9 32 43 
17 -9 16 -8 87 37 
14 -8 11 -9 254 38 
13 -8 12 -7 458 42 
11 -7 12 -7 208 82 
11 -7 12 -7 47 90 
17 -5 17 -6 40 209 
14 -2 14 -3 220 217 
14 -2 14 -3 506 229 
16 1 14 2 194 356 
24 3 28 0 62 350 
14 -4 -2 -2 463 274 
10 -2 10 -3 313 271 
10 -2 10 -3 201 274 
21 -1 20 -3 90 283 
24 0 24 -3 30 200 
22 -2 20 -4 64 145 
12 -4 13 -4 276 153 
10 -5 9 -5 425 143 
6 -8 6 -5 503 139 
11 -8 -1 -5 439 56 
14 -6 12 -7 315 57 
18 -6 20 -7 215 61 
26 -4 25 -7 116 64 
25 -5 26 -9 29 58 
24 -5 23 -8 28 100 
24 -5 23 -8 154 96 
24 -5 23 -8 280 94 
24 -5 23 -8 439 94 
14 -4 2 -3 380 319 
10 -2 10 -3 233 317 
16 0 18 -1 121 313 
20 0 20 -1 45 318 
12 -4 10 -9 82 367 
5 -6 1 -7 184 356 
2 -6 -3 -5 277 349 
4 -10 1 -10 279 169 
6 -8 3 -10 206 172 
8 -9 6 -9 127 169 
10 -8 6 -10 16 173 
10 -8 6 -11 27 61 
6 -11 2 -9 184 41 
4 -10 0 -9 299 41 
19 1 2 2 508 436 
8 3 8 2 423 435 
14 3 14 0 335 431 
18 3 16 -1 278 433 
24 5 23 0 202 438 
28 7 29 1 125 444 
27 6 26 0 50 444 
26 7 26 1 44 566 
24 9 26 6 161 576 
21 7 19 5 252 589 
12 7 12 4 344 590 
7 7 5 6 513 591 
12 5 12 2 277 724 
18 9 17 5 200 728 
22 9 21 6 138 728 
24 10 24 6 42 739 
27 8 27 5 23 672 
22 8 22 4 113 656 
20 7 16 4 188 666 
21 7 18 6 278 664 
14 7 5 4 397 664 
14 6 12 1 349 528 
19 5 18 0 209 525 
22 5 22 0 127 525 
26 6 24 1 23 528 
23 0 22 0 66 413 
22 1 20 0 155 410 
13 0 12 2 254 408 
8 0 7 2 390 409 
8 0 7 2 515 407 
13 4 12 2 480 509 
26 7 23 1 358 511 
24 5 23 2 261 523 
32 7 32 2 92 512 
32 7 33 3 44 533 
27 8 26 4 68 638 
10 4 7 6 320 710 
22 7 22 3 238 721 
24 7 37 5 164 722 
24 7 37 5 78 715 
24 8 25 4 29 732 
26 9 28 8 65 773 
26 9 28 8 173 771 
26 9 28 8 309 779 
26 9 28 8 490 778 
16 4 0 5 526 714 
16 4 0 5 408 713 
16 4 0 5 331 713 
16 4 0 5 252 714 
18 5 20 4 148 711 
28 5 27 1 70 716 
24 2 25 0 48 584 
15 2 11 2 134 584 
15 2 11 2 216 580 
12 1 8 0 317 579 
12 1 8 0 484 579 
28 5 28 1 64 443 
21 5 19 3 204 441 
16 5 14 4 344 439 
6 4 8 4 457 439 
12 7 14 3 356 508 
23 3 23 0 305 505 
26 3 26 0 244 505 
28 4 29 -1 171 507 
32 5 31 0 72 509 
26 5 29 1 61 625 
24 7 23 3 157 604 
20 7 22 4 315 593 
20 7 22 4 411 594 
20 7 22 4 532 591 
22 3 20 -1 303 694 
25 5 25 0 233 697 
25 6 26 1 105 697 
24 5 26 0 65 708 
22 6 22 2 127 777 
16 7 18 7 274 757 
8 9 8 8 452 759 
10 5 10 4 419 625 
20 8 16 2 327 624 
24 7 22 2 251 621 
32 10 33 3 164 626 
32 6 31 0 174 426 
26 5 23 0 272 437 
17 4 16 0 460 441 
19 1 16 2 50 499 
19 1 16 2 184 499 
19 1 16 2 317 501 
19 1 16 2 478 489 
9 5 6 2 79 683 
20 5 -1 2 281 666 
20 5 -1 2 376 675 
-24 -13 -21 -11 1080 183 
-23 -10 -21 -11 1003 160 
-17 -10 -16 -9 905 164 
-17 -10 -16 -10 841 161 
-11 -10 -9 -9 721 165 
-3 -10 -6 -11 634 168 
-5 1 -7 -1 666 316 
-13 0 -12 0 792 317 
-17 0 -16 0 890 318 
-21 0 -19 0 969 323 
-27 1 -25 2 1045 325 
0 1 0 0 632 375 
-9 3 -5 2 766 374 
-13 1 -13 2 874 373 
-17 1 -17 2 937 374 
-19 1 -16 1 1016 374 
-22 0 -21 2 1065 372 
-22 -3 -19 -2 1068 258 
-21 -3 -15 -2 1001 252 
-16 -2 -17 -1 922 251 
-10 -4 -9 -3 839 251 
-5 -5 -1 -5 749 246 
-1 -4 0 -5 616 237 
-3 -4 -3 -5 803 123 
-7 -3 -7 -5 937 117 
-11 -3 -13 -3 1021 114 
-15 -4 -15 -3 1051 113 
-19 -8 -17 -7 1063 17 
-11 -8 -11 -9 961 17 
-3 -8 -3 -10 764 24 
-6 -6 -5 -5 676 98 
-13 -7 -10 -3 792 101 
-13 -8 -17 -3 958 104 
-15 -7 -21 -2 1051 98 
-25 -6 -25 -3 1069 186 
-7 -4 -25 -2 998 195 
-17 -6 -14 -5 886 196 
-11 -8 -9 -5 702 195 
-12 0 -11 0 762 282 
-17 0 -17 0 868 284 
-23 0 -23 2 983 280 
-29 0 -25 2 1042 279 
-22 1 -19 4 917 342 
-20 0 -17 2 820 340 
-14 0 -13 2 727 334 
-11 0 -8 1 575 331 
-9 -2 -11 -3 894 219 
-19 -4 -18 -2 1020 215 
-21 -6 -20 -3 1059 213 
-22 -6 -21 -4 1044 107 
-13 -7 -15 -5 904 103 
-13 -8 -11 -7 741 103 
-5 -6 -3 -3 559 106 
-7 -8 -3 -7 805 32 
-12 -7 -11 -7 955 35 
-13 -8 -13 -4 1033 32 
-17 -6 -17 -3 1068 63 
-9 -6 -10 -3 975 82 
-11 -7 -13 -5 854 72 
-15 -7 -11 -4 673 71 
-9 0 -9 0 875 203 
-19 0 -17 2 1006 206 
-25 -1 -21 2 1063 207 
-29 1 -20 3 1062 364 
-26 0 -23 4 960 356 
-23 0 -21 2 823 361 
-13 1 -11 4 633 360 
-23 -2 -21 -1 1043 306 
-20 -4 -18 -1 917 277 
-17 -2 -15 -1 794 283 
-13 -4 -11 -1 629 276 
-3 -6 -2 -4 627 142 
-9 -6 -8 -4 744 143 
-10 -5 -12 -3 870 145 
1 -4 -15 -2 968 146 
1 -4 -15 -2 1041 146 
-24 -7 -21 -3 1048 59 
-5 -9 -19 -7 954 48 
-15 -8 -13 -7 873 44 
-10 -8 -13 -5 697 54 
-9 -7 -7 -6 560 52 
-6 -7 -4 -5 602 97 
-11 -6 -10 -4 798 96 
-2 -5 -16 -4 953 98 
-26 -7 -21 -3 1066 98 
-31 -6 -21 -3 1092 275 
-27 -4 -19 -3 937 301 
-9 -4 -3 -1 739 311 
-1 -6 -5 -7 645 331 
-1 -6 -5 -7 788 338 
-25 -12 -27 -10 931 348 
-29 -12 -31 -9 1027 346 
-29 -12 -31 -9 1070 349 
-24 -13 -26 -9 575 171 
-17 -10 -17 -9 736 33 
-22 -10 -25 -8 930 37 
-26 -9 -30 -6 1043 38 
-25 -8 -31 -5 1051 88 
-26 -8 -27 -5 912 113 
-20 -8 -23 -6 720 116 
-15 -7 -17 -7 555 113 
-27 3 -25 5 1047 445 
-27 5 -26 6 972 447 
-21 5 -21 6 905 447 
-18 5 -20 5 836 446 
-14 3 -13 4 742 442 
-7 3 -4 2 580 438 
-6 8 -9 6 770 609 
-15 4 -16 6 840 611 
-19 5 -21 6 935 616 
-23 5 -23 6 1014 613 
-27 6 -25 8 1057 604 
-29 10 -25 9 1055 752 
-23 8 -25 10 973 743 
-21 8 -22 10 891 740 
-13 5 -12 4 780 737 
-13 5 -12 4 694 734 
-1 8 -1 6 586 663 
-1 8 -1 6 703 667 
-16 8 -15 8 825 672 
-21 7 -20 8 924 673 
-24 8 -23 8 1028 669 
-25 9 -22 9 1065 664 
-26 4 -20 5 1053 536 
-27 3 -21 4 974 536 
-19 4 -16 4 897 535 
-15 4 -15 4 731 535 
-5 3 -3 2 651 532 
-5 0 -3 4 677 402 
-10 1 -11 2 795 402 
-18 0 -18 2 919 402 
-25 0 -22 5 1020 401 
-24 0 -20 4 1066 400 
-27 1 -25 4 1040 534 
-23 3 -21 6 934 531 
-19 4 -19 8 810 524 
-7 3 -5 5 581 513 
-10 7 -11 8 685 646 
-20 7 -17 10 776 645 
-26 5 -27 11 913 644 
-34 7 -29 12 1001 641 
-11 5 -11 10 833 776 
-21 7 -18 11 949 778 
-29 5 -25 10 1043 785 
-31 2 -25 10 1065 721 
-27 1 -26 10 901 731 
-19 1 -17 8 816 714 
-17 3 -15 8 662 713 
-15 2 -14 7 784 581 
-23 0 -19 4 858 587 
-27 0 -25 6 987 586 
-31 2 -27 6 1063 587 
-7 3 -9 6 714 435 
-17 4 -15 6 825 422 
-21 3 -18 6 945 420 
-26 3 -23 4 1006 417 
-25 2 -23 6 1066 419 
-29 3 -21 8 1050 517 
-23 5 -21 8 949 498 
-25 7 -23 9 864 500 
-15 7 -14 9 770 508 
-6 4 -4 6 653 508 
-5 4 -1 4 558 505 
-11 2 -9 4 751 593 
-11 2 -9 4 878 596 
-19 3 -17 4 959 601 
-27 4 -23 8 1038 603 
-25 6 -21 10 1017 709 
-25 6 -21 10 874 712 
-25 6 -21 10 729 712 
-25 6 -21 10 567 696 
-3 7 -1 9 558 752 
-11 9 -8 11 732 749 
-11 9 -8 11 813 748 
-21 8 -21 12 950 750 
-24 8 -21 12 1045 760 
-27 5 -21 9 1040 631 
-22 7 -19 8 888 641 
-19 5 -15 9 813 637 
-7 5 -5 6 675 634 
-5 3 -3 2 778 439 
-13 2 -7 2 900 434 
-21 1 -19 3 980 433 
-23 0 -21 2 1053 433 
-5 1 -1 4 665 496 
-13 1 -9 3 838 489 
-21 1 -14 2 925 490 
-33 3 -35 4 890 753 
-33 3 -35 4 783 759 
-9 5 -13 2 676 764 
-17 3 -19 2 591 658 
-23 1 -28 1 760 651 
-33 0 -35 4 945 645 
-33 0 -35 4 1045 648 
18 -8 18 -9 27 200 
18 -5 16 -8 225 351 
7 -5 5 -8 307 346 
1 -5 0 -6 453 345 
28 3 27 -4 72 351 
24 2 23 -2 169 346 
19 3 17 0 321 350 
8 -2 7 -6 464 200 
8 -2 7 -6 386 201 
17 -3 15 -6 317 203 
22 -2 22 -6 209 206 
25 -2 27 -6 144 204 
26 0 26 -6 53 204 
25 -2 25 -6 67 85 
23 -3 22 -5 160 85 
18 -2 15 -6 241 84 
15 -3 11 -6 416 84 
8 -4 5 -6 537 82 
15 -7 13 -8 250 44 
15 -7 13 -8 127 48 
30 -4 23 -8 57 48 
24 -4 23 -8 41 174 
24 -4 20 -6 148 179 
16 -4 15 -6 221 176 
16 -4 15 -6 373 179 
29 -3 7 -5 499 184 
7 0 5 -3 448 325 
13 0 11 -4 367 324 
18 0 14 -3 274 327 
22 1 21 -2 161 329 
26 3 27 0 64 321 
7 1 3 -2 523 334 
8 0 5 -2 416 325 
21 2 23 -2 153 327 
22 1 24 -3 66 205 
22 0 22 -3 169 195 
14 0 13 0 334 205 
6 0 7 0 480 206 
23 -3 3 -7 489 85 
10 -6 7 -5 360 90 
16 -5 18 -6 242 92 
22 -4 23 -6 134 94 
24 -4 26 -7 52 95 
24 -2 25 -6 35 161 
20 -3 19 -4 140 161 
18 -2 15 -4 289 161 
12 -4 12 -3 399 162 
12 -4 12 -3 537 159 
20 -6 2 -2 301 249 
20 0 19 0 92 263 
22 1 23 0 32 265 
9 -6 8 -4 370 155 
16 -4 16 -4 249 158 
22 -2 23 -4 144 162 
27 -1 26 -3 47 166 
24 -4 25 -6 37 92 
23 -5 21 -6 163 78 
12 -6 11 -4 294 80 
7 -7 7 -4 434 79 
2 -8 3 -4 482 18 
11 -6 12 -4 312 33 
18 -6 19 -4 188 35 
29 -4 27 -4 28 30 
10 0 9 0 341 218 
10 0 9 0 513 229 
27 0 9 -1 439 373 
13 0 15 0 343 369 
21 0 19 -2 228 369 
22 -1 23 0 150 373 
22 0 25 -2 76 379 
20 -2 23 -2 18 276 
16 -3 17 -2 130 258 
10 -4 9 -4 236 258 
6 -7 7 -4 382 266 
4 -3 4 -2 530 266 
16 -8 0 -4 448 142 
7 -7 7 -6 366 144 
10 -8 11 -5 241 146 
16 -6 16 -4 178 149 
22 -6 24 -5 128 153 
22 -6 23 -6 27 149 
25 -6 27 -5 21 62 
22 -5 24 -4 109 39 
18 -5 19 -2 205 60 
8 -8 8 -6 292 62 
4 -10 5 -4 466 68 
4 -10 5 -4 513 71 
19 -11 21 -8 207 24 
18 -9 21 -6 50 212 
12 -10 12 -5 145 213 
7 -7 6 -3 239 215 
26 1 27 -4 51 451 
26 1 25 -2 71 567 
22 2 21 0 200 574 
12 1 10 0 302 558 
8 1 3 0 501 571 
12 3 9 -2 334 716 
23 3 26 -2 175 711 
26 5 26 -3 70 714 
25 2 26 -4 41 696 
20 2 21 -4 68 607 
16 3 17 0 210 620 
14 3 11 0 345 618 
8 5 7 0 455 626 
1 1 0 0 454 488 
1 1 0 0 338 487 
1 1 0 0 262 489 
27 7 26 0 156 495 
30 7 31 0 60 504 
24 2 23 -1 58 428 
22 1 20 0 141 435 
18 3 16 1 227 431 
20 1 13 0 298 434 
8 1 5 0 476 437 
30 5 9 1 461 542 
30 5 9 1 345 543 
17 4 18 0 247 549 
26 7 27 1 161 556 
28 7 28 3 79 562 
28 8 29 3 28 607 
26 9 27 5 64 696 
22 11 21 7 186 672 
15 10 15 7 319 681 
14 9 13 5 460 685 
0 4 0 5 477 627 
20 7 12 4 340 626 
20 7 18 3 220 622 
23 7 23 4 115 621 
26 7 25 1 54 620 
27 7 27 2 36 511 
22 7 23 3 142 512 
16 6 15 3 279 513 
10 5 9 3 400 510 
5 4 4 3 459 496 
12 5 11 3 353 498 
20 5 17 3 236 497 
25 4 25 1 168 501 
26 4 27 1 67 499 
28 7 31 5 52 623 
27 7 27 2 141 630 
21 6 19 5 276 616 
14 9 16 7 349 622 
7 9 5 9 487 617 
5 9 2 7 529 719 
8 9 7 8 401 722 
14 11 14 9 269 724 
21 13 25 9 153 732 
28 11 31 5 53 738 
26 13 29 7 44 635 
22 11 23 9 265 621 
2 9 3 9 533 638 
0 5 0 5 540 424 
7 5 7 4 394 425 
14 7 15 3 270 432 
20 9 19 5 124 445 
24 9 23 3 46 435 
2 0 2 1 495 411 
4 1 5 1 394 410 
16 1 17 1 287 410 
24 1 25 0 183 412 
26 4 29 1 67 413 
26 7 27 6 39 553 
20 7 23 5 140 580 
13 5 13 5 239 576 
13 5 13 5 394 576 
18 10 17 9 298 697 
23 10 23 7 234 710 
26 10 25 9 126 707 
29 11 31 9 18 729 
31 7 33 3 41 616 
24 9 25 5 182 587 
17 7 15 7 300 591 
14 7 13 7 425 594 
14 7 13 7 540 601 
16 -2 0 1 520 454 
12 -1 15 0 208 443 
16 0 17 0 115 443 
14 0 17 0 54 447 
10 -2 9 1 51 546 
6 1 6 5 196 568 
18 0 1 4 308 568 
14 0 0 5 500 564 
5 -2 5 0 125 723 
10 0 13 1 44 711 
10 1 10 1 62 615 
4 3 5 5 173 629 
2 1 5 5 365 626 
-33 -12 -32 -10 1061 178 
-31 -12 -32 -10 951 164 
-26 -12 -24 -10 784 180 
-11 -6 -10 -6 678 336 
-21 -6 -22 -6 783 336 
-28 -7 -26 -6 859 331 
-27 -6 -26 -4 1018 329 
-29 -6 -28 -4 1053 342 
-3 0 -6 0 702 351 
-12 -1 -12 -2 856 354 
-14 -1 -14 -2 964 358 
-17 -1 -18 -2 1046 362 
-18 -4 -18 -4 1033 225 
-17 -4 -16 -4 969 219 
-13 -4 -13 -5 881 211 
-12 -4 -11 -6 736 206 
-5 -4 -6 -4 618 202 
-1 -6 0 -6 635 83 
-3 -4 -6 -6 755 90 
-10 -4 -10 -6 886 91 
-13 -6 -14 -5 971 93 
-11 -4 -18 -6 1044 94 
-15 -5 -17 -7 1070 40 
-15 -5 -17 -7 987 36 
-13 -6 -14 -7 873 37 
-5 -8 -4 -8 733 39 
-5 -8 -4 -8 592 37 
-10 -3 -11 -3 828 189 
-10 -3 -11 -3 939 186 
-18 -4 -16 -2 1023 196 
-21 -5 -20 -2 1059 201 
-21 -5 -20 -2 1045 347 
-21 -2 -20 -2 949 334 
-13 0 -14 0 768 337 
-9 -1 -8 0 687 332 
-5 -4 -4 -2 561 325 
-19 1 -20 1 1058 366 
-15 1 -15 1 965 364 
-13 1 -14 1 824 352 
-7 0 -8 0 670 342 
-2 -1 -2 0 792 197 
-11 0 -10 0 946 203 
-12 0 -14 0 1047 206 
-15 0 -15 -1 1069 208 
-11 -4 -18 -4 1053 96 
-19 -6 -18 -4 892 87 
-9 -4 -8 -4 753 83 
-11 -4 -10 -2 681 158 
-15 -2 -14 0 790 158 
-19 -2 -17 -1 916 163 
-19 -2 -19 0 1017 163 
-25 -2 -23 -1 1067 165 
-27 -1 -23 0 1078 269 
-25 -1 -24 0 987 264 
-21 -2 -18 0 898 262 
-15 -2 -12 -2 779 262 
-11 -3 -8 0 637 256 
-1 0 0 1 660 370 
-6 1 -6 3 792 375 
-17 1 -16 2 887 375 
-19 0 -16 2 1008 372 
-18 0 -18 3 1055 373 
-10 2 -8 3 853 279 
-19 1 -21 3 1075 282 
-25 -4 -22 -2 1076 180 
-21 -6 -21 -3 981 172 
-17 -4 -18 0 835 167 
-13 -2 -10 -2 676 157 
-5 -5 -2 -4 586 96 
-13 -4 -10 -4 748 91 
-19 -4 -18 -2 859 91 
-25 -5 -23 -2 999 91 
-31 -6 -28 -4 1081 90 
-29 -8 -28 -4 1070 32 
-21 -9 -20 -6 947 23 
-15 -8 -13 -5 786 16 
-8 -8 -8 -5 623 15 
-3 -2 -5 1 706 237 
-14 0 -13 2 894 249 
-25 0 -26 3 1064 244 
-31 -4 -26 0 1086 382 
-25 -2 -22 0 879 379 
-19 -2 -19 2 720 375 
-19 -2 -19 2 559 375 
-17 -4 -16 -2 873 270 
-29 -4 -26 -2 947 272 
-31 -4 -24 -2 1041 276 
-34 -6 -28 -2 1071 274 
-30 -8 -27 -4 1066 159 
-30 -9 -27 -4 1001 159 
-27 -10 -24 -4 914 149 
-21 -8 -20 -3 765 146 
-15 -8 -14 -4 744 63 
-19 -8 -20 -4 909 64 
-23 -8 -26 -4 1003 67 
-23 -8 -26 -4 1074 67 
-28 -12 -27 -7 1094 12 
-28 -12 -27 -7 995 23 
-17 -10 -16 -7 906 22 
-15 -12 -11 -8 762 24 
-15 -12 -11 -8 604 25 
-1 -8 0 -4 584 235 
-17 -2 -16 1 756 257 
-27 -4 -24 0 884 259 
-31 -4 -28 1 1038 250 
-5 0 -8 -1 637 579 
-15 -1 -16 0 752 580 
-15 -1 -16 0 850 578 
-25 0 -26 0 934 580 
-27 0 -26 1 998 577 
-25 -1 -28 0 1045 578 
-29 0 -28 1 1048 731 
-22 0 -25 1 935 727 
-24 1 -20 1 814 731 
-11 -2 -10 -2 676 721 
-14 0 -12 0 742 633 
-15 1 -14 0 859 639 
-17 3 -16 0 964 643 
-18 3 -16 1 1055 643 
-19 1 -20 0 1059 484 
-17 1 -17 0 909 485 
-15 2 -14 0 800 483 
-9 1 -8 0 646 490 
-7 1 -5 1 713 437 
-11 2 -12 3 844 436 
-20 3 -20 5 971 431 
-21 2 -20 5 1037 443 
-22 0 -22 3 1023 546 
-23 3 -20 3 914 570 
-23 3 -20 3 821 552 
-9 0 -8 0 671 544 
-1 7 -2 7 678 683 
-6 2 -4 5 769 681 
-11 6 -11 9 898 709 
-11 6 -11 9 971 693 
-13 5 -13 7 1022 697 
-9 7 -10 5 907 622 
-7 7 -9 4 817 622 
-1 5 -2 5 720 624 
-11 3 -10 3 887 517 
-16 3 -14 3 996 524 
-16 4 -18 5 1066 532 
-20 2 -20 5 1054 494 
-20 2 -20 5 958 498 
-21 1 -19 5 826 498 
-9 3 -10 5 682 496 
-3 3 -2 3 604 494 
-4 8 -2 9 620 620 
-8 7 -6 7 749 622 
-17 7 -15 8 911 613 
-17 7 -15 8 986 616 
-23 6 -18 9 1057 614 
-24 8 -20 10 1043 728 
-21 9 -19 11 921 729 
-17 8 -14 10 835 720 
-15 9 -13 9 770 718 
-3 8 -2 7 666 717 
-19 10 -17 11 1067 646 
-23 3 -20 3 1057 444 
-21 3 -20 5 893 436 
-18 3 -16 5 683 431 
-27 1 -20 3 1051 411 
-25 0 -22 3 942 413 
-13 1 -12 5 810 411 
-11 1 -9 3 645 411 
-10 6 -8 7 736 589 
-16 3 -12 7 819 592 
-20 5 -18 9 981 595 
-26 6 -22 9 1058 592 
-21 9 -24 11 1050 709 
-15 6 -14 9 846 706 
-5 9 -6 11 688 698 
-1 9 0 11 558 692 
-15 3 -12 6 816 608 
-19 5 -18 9 927 612 
-23 7 -24 8 1034 617 
-28 5 -26 7 1097 617 
-31 -2 -30 1 1045 417 
-11 -2 -26 2 882 435 
-26 3 -23 6 890 574 
-30 1 -25 5 1010 576 
-30 1 -25 5 1066 581 
-29 1 -28 6 1062 733 
-29 1 -28 6 920 736 
-23 -2 -18 1 834 730 
-21 -2 -17 1 721 728 
-21 -2 -17 1 576 726 
26 -13 28 -15 48 195 
26 -12 26 -15 90 201 
26 -12 23 -15 147 207 
20 -12 19 -13 204 209 
16 -12 14 -11 252 207 
15 -10 14 -10 323 207 
12 -10 12 -11 437 207 
6 -8 2 -9 522 211 
2 -6 0 -7 492 301 
6 -7 4 -7 444 302 
10 -6 7 -8 337 307 
17 -7 18 -10 278 308 
20 -4 18 -7 232 307 
19 -5 18 -9 185 306 
24 -6 24 -11 138 306 
26 -4 26 -9 105 306 
28 -6 29 -11 73 306 
32 -4 32 -9 34 307 
30 -3 31 -9 31 365 
31 -3 32 -7 41 394 
28 0 30 -5 79 398 
24 -2 24 -4 128 399 
22 0 20 -5 157 398 
16 0 16 -3 164 398 
4 1 0 0 529 319 
10 1 6 0 508 318 
10 1 6 0 431 316 
10 1 6 0 366 313 
10 1 6 0 323 313 
18 1 18 -1 286 312 
18 1 18 -1 245 314 
24 2 23 -2 205 315 
24 1 24 -1 173 316 
26 1 26 -3 160 316 
27 0 28 -3 116 314 
28 0 29 -2 86 313 
29 1 30 -3 49 312 
30 1 30 -3 37 302 
28 0 30 -5 41 244 
26 0 26 -3 58 237 
22 0 22 -1 130 234 
22 0 22 -1 182 234 
18 1 19 -1 212 235 
18 1 19 -1 282 239 
16 0 12 -1 323 239 
16 0 12 -1 386 240 
16 0 12 -1 403 241 
4 0 5 -2 443 242 
4 0 5 -2 529 242 
9 -5 6 -7 500 150 
9 -5 6 -7 439 152 
11 -5 10 -5 398 153 
11 -5 10 -5 342 153 
19 -4 17 -8 313 154 
22 -4 22 -7 273 154 
22 -3 23 -6 229 154 
25 -5 25 -8 163 154 
29 -5 27 -8 144 154 
26 -4 28 -7 118 155 
32 -5 29 -8 88 156 
28 -6 30 -7 60 157 
30 -6 30 -8 38 159 
30 -6 31 -9 12 101 
32 -6 30 -9 43 90 
27 -6 26 -9 123 88 
23 -6 24 -9 165 88 
23 -6 24 -9 277 88 
23 -6 24 -9 341 86 
23 -6 24 -9 361 85 
10 -7 8 -9 427 85 
8 -7 6 -8 469 86 
24 -6 2 -6 533 91 
20 -10 20 -15 367 32 
20 -10 20 -15 320 34 
22 -10 22 -13 264 33 
22 -10 22 -13 229 34 
28 -8 24 -10 177 34 
29 -7 26 -11 134 35 
29 -7 26 -11 79 37 
30 -8 30 -10 32 37 
27 -8 28 -9 40 73 
25 -8 24 -10 88 70 
22 -8 22 -9 203 74 
22 -8 22 -9 286 74 
22 -8 22 -9 321 74 
10 -10 8 -9 422 75 
23 -8 3 -9 482 74 
22 -8 1 -7 549 128 
6 -6 4 -5 418 125 
12 -6 10 -5 371 122 
12 -6 13 -6 315 122 
19 -5 20 -5 272 124 
26 -4 23 -6 242 125 
24 -5 24 -6 180 128 
32 -4 28 -6 146 128 
32 -4 35 -6 111 130 
30 -4 30 -5 101 189 
24 -4 24 -6 177 198 
24 -4 24 -6 289 199 
24 -4 24 -6 294 199 
24 0 18 -3 355 199 
16 0 13 -2 466 202 
23 0 12 -1 517 203 
25 0 8 2 495 303 
26 0 8 2 390 305 
26 0 8 2 299 305 
22 4 24 2 228 305 
28 5 28 2 145 306 
8 2 8 2 233 264 
13 2 13 2 116 268 
12 1 14 2 92 268 
14 1 14 2 35 198 
15 2 14 4 68 175 
12 2 12 5 163 175 
6 2 5 5 385 177 
21 -1 1 1 531 87 
21 -1 1 1 447 80 
8 0 6 1 336 78 
12 0 11 1 263 76 
14 1 13 3 179 77 
16 0 16 3 127 76 
30 0 20 2 82 71 
19 1 22 1 42 57 
18 0 18 0 42 23 
12 0 14 1 210 19 
10 -2 12 0 289 20 
8 0 8 2 470 20 
6 -10 10 -7 173 94 
4 -11 8 -7 114 97 
6 -10 8 -9 175 372 
10 -10 9 -7 79 381 
12 -12 -3 -11 397 314 
12 -12 -3 -11 314 309 
12 -12 -3 -11 234 309 
8 -11 11 -11 140 307 
12 -12 18 -13 49 309 
13 -12 16 -13 42 204 
11 -12 16 -13 130 198 
8 -11 10 -11 273 202 
1 -13 4 -9 348 200 
1 -13 4 -9 442 199 
9 -14 10 -15 95 71 
12 -14 15 -14 49 69 
8 -15 10 -13 37 19 
6 -14 8 -13 177 15 
6 -14 8 -13 281 18 
9 1 4 -1 489 505 
9 1 4 -1 453 506 
10 1 8 -1 412 509 
13 2 9 -3 384 509 
13 2 9 -3 326 510 
14 2 14 -3 298 511 
14 1 14 -2 256 512 
17 2 16 -1 222 513 
19 2 20 -1 195 514 
20 3 21 -2 148 515 
23 3 22 -1 128 515 
24 3 22 -1 103 515 
26 3 29 -2 74 517 
28 3 29 -2 47 519 
26 5 28 -1 48 571 
28 6 28 0 60 586 
28 6 28 0 108 591 
22 7 21 1 142 589 
18 7 20 3 174 586 
20 7 18 2 197 588 
14 7 12 3 252 595 
10 7 8 4 262 596 
10 8 6 4 309 597 
10 9 4 6 345 597 
2 7 0 4 381 597 
2 7 0 4 440 600 
0 5 -2 5 471 602 
2 7 1 2 485 682 
2 7 1 2 445 681 
2 7 1 2 376 681 
22 9 15 1 338 684 
22 9 18 2 242 684 
22 9 22 2 195 683 
24 11 25 3 140 684 
24 11 25 3 129 684 
28 11 27 5 85 685 
28 13 27 5 43 687 
28 13 29 7 49 756 
30 16 26 10 111 752 
28 15 26 10 164 756 
18 13 16 11 221 754 
18 13 16 11 251 752 
18 12 10 10 325 754 
18 12 10 10 423 757 
3 11 0 8 484 760 
10 10 8 4 529 711 
10 10 8 4 441 711 
16 9 13 4 399 710 
16 9 13 4 304 706 
20 9 20 4 247 707 
21 8 20 4 197 707 
26 9 24 4 134 710 
24 11 26 4 83 713 
26 9 28 3 67 714 
30 9 29 0 66 612 
30 8 31 1 97 602 
30 8 31 1 199 601 
22 7 22 2 246 601 
18 6 15 2 290 603 
9 7 8 2 375 606 
10 5 8 2 398 608 
6 7 7 1 424 610 
6 7 7 1 479 614 
2 5 0 4 524 616 
10 5 8 2 444 519 
12 6 10 2 397 520 
12 6 10 2 337 519 
21 7 19 4 285 518 
22 7 20 2 255 517 
25 8 24 4 202 514 
27 9 28 3 185 512 
28 9 28 2 111 512 
30 7 29 2 65 512 
30 7 29 2 8 513 
30 7 30 2 22 423 
26 5 24 2 47 407 
22 5 20 0 152 411 
20 5 19 2 180 412 
19 7 16 4 243 413 
16 7 14 3 305 413 
14 8 12 4 363 415 
11 8 8 4 422 416 
11 8 8 4 439 417 
2 7 2 4 498 420 
-1 5 -1 4 532 421 
32 9 34 4 40 402 
30 9 32 6 70 407 
31 8 32 6 129 401 
18 9 19 6 285 405 
18 8 15 7 327 404 
12 9 12 7 438 412 
12 9 12 7 480 412 
0 7 3 8 407 512 
0 7 3 8 284 507 
14 10 14 8 234 504 
20 9 20 8 148 518 
26 13 30 10 108 529 
33 14 36 10 57 532 
34 15 36 10 63 627 
30 13 32 10 127 625 
30 13 32 11 179 610 
30 13 32 11 215 618 
24 13 22 12 276 618 
19 12 19 12 281 618 
18 13 17 13 364 622 
18 13 17 13 410 623 
18 13 17 13 535 628 
5 11 -3 16 453 728 
4 13 8 13 423 731 
4 13 8 13 344 726 
4 13 8 13 308 726 
4 13 8 13 251 728 
26 16 29 13 222 729 
27 16 30 12 187 732 
30 15 29 12 120 730 
27 17 30 12 93 730 
28 17 32 13 47 728 
32 18 32 15 40 667 
27 17 28 14 123 670 
23 15 24 14 150 669 
22 15 22 15 188 676 
19 15 19 14 269 672 
19 15 19 14 297 671 
14 15 14 15 358 674 
18 13 14 16 376 675 
18 13 14 16 441 680 
18 13 14 16 511 684 
7 11 8 10 434 537 
33 12 16 10 343 527 
33 12 16 10 253 522 
33 12 16 10 196 521 
25 11 26 11 77 523 
28 11 28 10 20 483 
-26 -19 -21 -17 979 126 
-19 -20 -19 -17 873 123 
-17 -20 -17 -18 770 120 
-3 -10 -2 -10 661 215 
-7 -9 -5 -11 753 216 
-7 -9 -5 -11 794 216 
-13 -11 -15 -11 837 216 
-13 -11 -15 -11 903 216 
-29 -12 -26 -11 1013 199 
-33 -10 -29 -7 1040 214 
-33 -10 -27 -5 939 304 
-26 -9 -27 -7 863 306 
-21 -8 -18 -6 805 310 
-18 -8 -13 -7 743 308 
-6 -8 -7 -5 605 304 
-21 3 -21 2 1062 371 
-21 3 -21 2 1000 358 
-21 3 -21 2 976 354 
-21 3 -21 2 922 351 
-21 3 -21 2 876 347 
-11 0 -13 0 809 342 
-8 0 -7 -1 780 339 
-2 0 -5 0 721 330 
-4 2 -2 -1 692 327 
-4 2 -2 -1 642 325 
-3 0 -3 -1 640 243 
-8 0 -7 -1 722 249 
-9 0 -9 0 757 249 
-11 0 -11 0 802 250 
-15 0 -15 -1 840 251 
-15 0 -15 -1 869 254 
-19 -2 -19 -2 930 258 
-19 0 -21 -1 994 262 
-21 -2 -24 -1 1036 256 
-21 -2 -24 -1 1072 256 
-21 -4 -21 -3 1062 184 
-21 -6 -21 -5 1010 176 
-21 -6 -21 -5 940 165 
-14 -6 -15 -5 893 158 
-13 -6 -9 -7 849 156 
-11 -6 -9 -6 801 153 
-9 -6 -7 -6 740 151 
-4 -7 -3 -5 699 149 
-4 -7 -3 -5 656 149 
-10 -7 -10 -7 755 94 
-11 -8 -12 -6 791 96 
-13 -7 -9 -5 823 98 
-15 -6 -14 -7 865 100 
-17 -6 -17 -7 928 104 
-19 -8 -17 -5 951 107 
-19 -8 -17 -5 996 113 
-28 -9 -24 -7 1047 115 
-28 -9 -25 -5 1070 117 
-28 -9 -25 -5 1065 59 
-23 -11 -22 -8 1027 47 
-23 -11 -22 -8 909 35 
-23 -11 -22 -8 852 33 
-12 -13 -9 -11 779 32 
-12 -13 -9 -11 709 30 
-12 -13 -9 -11 638 34 
-12 -13 -9 -11 562 36 
-8 -9 -7 -7 705 78 
-9 -8 -9 -7 775 78 
-15 -8 -13 -7 807 77 
-17 -10 -18 -8 913 78 
-25 -10 -21 -9 943 78 
-25 -10 -24 -7 986 79 
-24 -11 -23 -7 1031 81 
-21 -10 -23 -5 1063 84 
-29 -10 -26 -7 1067 127 
-23 -10 -25 -5 1017 130 
-24 -9 -21 -5 948 133 
-21 -10 -18 -6 890 132 
-13 -8 -11 -6 817 132 
-13 -8 -11 -6 742 132 
-13 -8 -11 -6 673 130 
-11 -2 -7 -1 789 212 
-11 -2 -11 0 854 210 
-15 -2 -15 -1 910 210 
-16 -1 -17 0 976 215 
-26 -2 -23 0 1045 210 
-26 -2 -23 0 1065 210 
-31 -3 -27 1 1052 310 
-31 -3 -27 1 1002 298 
-31 -3 -27 1 930 301 
-31 -3 -27 1 861 306 
-15 -2 -13 2 806 306 
-15 -2 -13 2 734 306 
-15 -2 -13 2 660 306 
-15 -2 -13 2 589 304 
-7 5 -3 8 639 372 
-17 5 -15 8 913 387 
-19 5 -17 7 1013 389 
-19 5 -17 7 1068 385 
-19 5 -16 7 1057 327 
-19 5 -16 7 989 286 
-19 5 -16 7 909 284 
-11 3 -9 5 843 282 
-11 3 -9 4 727 276 
-11 3 -9 4 581 269 
-10 1 -5 8 726 178 
-11 2 -11 7 798 180 
-15 1 -11 6 890 183 
-15 1 -11 6 980 192 
-20 1 -17 5 1061 191 
-16 1 -15 2 1082 100 
-14 0 -13 3 925 92 
-11 0 -11 2 850 86 
-9 -2 -6 1 682 85 
-7 -3 -5 -2 764 25 
-7 -3 -5 -2 798 26 
-13 -4 -11 -1 896 32 
-16 -5 -17 -1 1028 34 
-16 -5 -17 -1 1074 36 
-19 -6 -17 -1 1075 76 
-19 -6 -17 -1 948 103 
-15 -8 -11 -3 847 106 
-13 -8 -10 -4 681 98 
-5 -18 -12 -18 614 209 
-5 -18 -12 -18 794 221 
-5 -18 -12 -18 915 219 
-24 -9 -17 -6 1052 359 
-19 -8 -15 -6 1017 391 
-23 -16 -17 -13 735 389 
-23 -16 -17 -13 568 383 
-21 -10 -15 -8 1054 379 
-21 -10 -15 -8 983 360 
-23 -11 -16 -7 811 352 
-23 -11 -16 -7 712 340 
-23 -11 -16 -7 596 332 
-10 -15 -5 -9 561 198 
-29 -16 -27 -11 1051 207 
-29 -18 -25 -13 1061 116 
-27 -18 -23 -13 963 91 
-25 -16 -20 -12 863 82 
-1 -15 -15 -11 709 76 
-1 -15 -15 -11 633 64 
-18 -14 -14 -12 762 30 
-22 -12 -16 -11 821 31 
-22 -12 -16 -11 821 31 
4 -3 -2 -5 552 419 
-7 -2 -7 -5 631 420 
-10 -3 -11 -3 676 423 
-13 -2 -13 -3 719 424 
-13 -2 -13 -3 771 424 
-20 -2 -21 -3 799 424 
-25 -2 -21 -2 825 424 
-27 -2 -25 -2 873 426 
-29 -2 -27 -1 914 431 
-30 -3 -23 -3 958 432 
-29 -2 -28 -3 978 432 
-37 -4 -31 -3 1003 431 
-35 -2 -31 -2 1032 431 
-35 -2 -31 -5 1052 430 
-35 -2 -31 -3 1060 430 
-37 -1 -35 -3 1077 430 
-39 0 -37 0 1066 515 
-35 0 -32 1 977 518 
-35 0 -32 1 951 517 
-24 -2 -24 -2 898 516 
-23 0 -21 -1 869 513 
-19 0 -19 -2 815 505 
-16 -1 -15 -2 788 502 
-15 0 -13 -1 751 501 
-15 0 -13 -1 724 500 
-7 -2 -7 -2 666 500 
-2 0 -8 -2 630 500 
-5 0 -7 -1 592 502 
-1 0 -3 -1 560 502 
-9 3 -7 3 599 610 
-13 3 -15 2 642 612 
-15 3 -16 2 663 612 
-20 3 -17 4 769 611 
-23 3 -24 4 833 609 
-26 2 -25 2 902 610 
-28 2 -27 4 933 610 
-27 3 -25 4 969 615 
-35 4 -31 2 1007 618 
-37 3 -33 2 1039 617 
-39 3 -33 4 1057 616 
-39 3 -33 6 1067 664 
-41 5 -36 5 1046 677 
-33 5 -30 6 970 680 
-33 5 -30 6 909 680 
-33 5 -30 6 858 680 
-14 6 -15 3 812 685 
-14 6 -15 3 753 685 
-1 6 -5 2 706 685 
-1 7 -3 4 616 685 
2 7 1 2 552 684 
3 11 0 8 553 762 
3 11 0 8 637 766 
3 11 0 8 719 768 
3 11 0 8 796 768 
3 11 0 8 844 768 
-21 7 -21 8 881 768 
-23 7 -23 8 910 769 
-25 7 -25 6 943 769 
-25 7 -25 6 969 769 
-25 5 -28 7 1008 770 
-33 5 -29 6 1047 768 
-33 2 -30 5 1060 768 
-33 2 -30 5 1070 744 
-37 5 -31 6 1052 722 
-37 5 -31 6 1003 719 
-37 5 -31 6 931 715 
-21 3 -15 4 884 712 
-13 5 -14 3 799 711 
-13 5 -14 3 746 713 
-5 7 -3 4 681 715 
-5 7 -3 4 622 713 
-5 7 -3 4 557 711 
2 5 0 4 619 621 
2 5 0 4 656 622 
2 5 0 4 717 625 
2 5 0 4 764 626 
-13 5 -12 4 783 626 
-15 3 -14 3 791 626 
-15 3 -14 3 828 628 
-15 3 -14 3 930 632 
-21 3 -19 4 976 634 
-21 3 -19 4 1060 639 
-21 3 -19 4 1080 635 
-25 3 -23 2 1073 549 
-25 3 -23 2 1030 539 
-25 3 -23 2 1003 533 
-21 0 -18 2 975 530 
-21 1 -20 1 899 527 
-21 1 -20 1 863 527 
-13 2 -13 2 823 526 
-8 2 -10 2 767 523 
-5 3 -7 3 704 520 
-1 3 -2 2 685 520 
-1 3 -2 2 656 520 
7 4 4 2 610 519 
8 3 4 0 567 519 
-1 5 -1 4 569 422 
-2 5 -3 4 650 423 
-7 4 -7 2 716 425 
-11 3 -11 4 748 425 
-12 4 -8 4 825 429 
-13 4 -13 4 859 430 
-17 3 -17 4 907 432 
-17 5 -17 4 950 434 
-17 5 -17 4 965 435 
-19 4 -19 2 1023 436 
-21 3 -21 2 1050 437 
6 5 2 8 561 413 
3 5 -1 8 641 414 
-11 5 -9 8 695 416 
-13 5 -9 9 779 420 
-14 7 -13 10 819 420 
-18 7 -16 9 881 421 
-23 7 -19 10 946 423 
-21 8 -23 10 989 425 
-30 7 -23 13 1054 421 
-33 9 -27 14 1048 526 
-29 7 -27 12 1024 523 
-29 7 -27 12 953 523 
-24 7 -24 12 927 525 
-23 8 -20 12 836 525 
-21 7 -20 12 791 522 
-16 7 -15 10 727 520 
-16 7 -15 10 666 518 
-12 6 -9 10 563 513 
-8 9 -5 12 697 637 
-14 9 -9 12 798 642 
-13 10 -9 12 843 641 
-19 11 -15 10 905 637 
-19 11 -15 10 938 637 
-19 11 -15 10 988 644 
-24 10 -20 16 1035 645 
-24 10 -20 16 1056 644 
-26 10 -23 18 1059 727 
-26 10 -23 18 997 731 
-21 9 -18 17 927 728 
1 12 -11 14 881 727 
1 12 -11 14 772 722 
4 12 -8 14 743 720 
4 12 -8 14 665 720 
5 11 -3 16 613 723 
-3 11 -1 13 682 689 
-6 12 -4 14 747 689 
-6 12 -4 14 848 691 
-6 12 -4 14 882 688 
-18 11 -13 14 966 687 
-18 11 -13 14 1029 675 
-18 11 -13 14 1054 671 
-18 11 -13 14 1050 590 
-23 7 -19 12 991 572 
-23 7 -19 12 902 559 
-23 7 -19 12 847 557 
-23 7 -19 12 789 558 
-10 8 -7 10 729 549 
-10 8 -7 10 626 547 
0 9 1 10 563 544 
-19 -8 -15 -6 758 400 
6 -10 0 -6 694 494 
6 -10 0 -6 760 492 
-21 -7 -14 -5 798 489 
-19 -7 -12 -4 883 483 
-22 -7 -19 -3 952 491 
-21 -6 -18 -4 1035 491 
-21 -7 -15 -3 1063 528 
-19 -6 -18 -2 1025 589 
-19 -6 -18 -2 898 573 
-19 -6 -18 -2 795 586 
-19 -6 -18 -2 659 582 
-19 -6 -18 -2 562 583 
-3 -8 -3 -7 654 711 
-3 -8 -3 -7 686 711 
8 -6 -6 -4 757 704 
8 -6 -6 -4 885 709 
8 -6 -6 -4 979 713 
8 -6 -6 -4 1036 713 
8 -6 -6 -4 1078 684 
-7 -8 -3 -7 1059 663 
-7 -8 -3 -7 997 655 
-7 -8 -3 -7 826 644 
-7 -8 -3 -7 719 639 
-10 -10 -5 -8 602 486 
-10 -10 -5 -8 786 489 
-21 -10 -15 -8 847 493 
-21 -10 -15 -8 971 512 
-21 -10 -15 -8 1055 511 
9 -7 9 -10 90 257 
8 -5 10 -8 177 251 
6 -7 4 -8 239 248 
6 -7 4 -8 352 252 
-4 -9 -2 -10 403 250 
3 -8 2 -12 389 297 
7 -6 7 -12 326 297 
13 -3 13 -13 277 299 
13 -5 13 -12 238 301 
18 -4 18 -11 200 301 
19 -3 19 -12 143 303 
21 -4 21 -12 113 305 
21 -1 21 -10 73 306 
22 -2 23 -10 53 319 
14 -4 15 -10 49 372 
-2 -7 -2 -8 515 352 
3 -7 3 -8 488 354 
7 -3 5 -8 434 355 
11 -5 8 -11 356 356 
17 -5 13 -10 314 356 
17 -4 17 -11 265 353 
21 -3 21 -10 185 350 
23 -1 22 -9 138 351 
23 -1 22 -9 82 352 
23 -2 23 -10 56 353 
23 -3 23 -10 51 310 
22 -2 21 -10 61 252 
20 -3 17 -8 127 247 
17 -3 19 -6 245 238 
10 -5 9 -8 364 233 
2 -9 0 -9 425 233 
-4 -7 -2 -10 480 235 
-4 -7 -2 -10 536 233 
11 -9 7 -14 345 150 
17 -9 17 -14 168 156 
25 -7 20 -14 90 163 
25 -7 25 -14 70 161 
29 -5 30 -11 56 86 
23 -5 23 -8 213 84 
10 -6 9 -8 308 82 
3 -7 3 -8 504 83 
-4 -7 -4 -6 359 188 
3 -7 1 -6 287 186 
11 -7 9 -8 201 187 
13 -6 12 -8 88 185 
17 -5 15 -6 73 186 
16 -4 16 -7 87 285 
13 -5 13 -6 179 285 
9 -3 9 -5 262 291 
7 -4 6 -5 395 292 
7 -2 6 -5 505 287 
0 -2 -2 -2 380 300 
15 -3 17 -5 350 303 
16 -3 17 -6 282 306 
29 -1 30 -7 233 308 
30 -1 30 -7 184 312 
31 0 34 -7 160 314 
33 0 35 -6 101 315 
35 0 37 -6 74 314 
35 0 35 -7 66 277 
29 -1 28 -7 76 224 
28 -2 24 -5 136 212 
19 -3 17 -4 158 207 
15 -1 14 -5 266 198 
11 -3 10 -5 325 196 
3 -4 3 -4 499 186 
1 -5 0 -6 533 118 
1 -5 0 -6 400 108 
12 -4 10 -5 344 107 
15 -3 14 -5 240 100 
23 -5 23 -8 179 94 
27 -4 29 -8 119 88 
29 -5 29 -8 71 83 
25 -5 27 -6 17 89 
21 -4 22 -7 33 206 
21 -3 21 -4 132 206 
15 -5 13 -5 351 198 
7 -5 7 -4 463 194 
0 -3 -4 -2 516 367 
8 0 6 -1 410 363 
9 0 7 -2 332 362 
19 0 18 0 238 359 
25 2 24 -1 96 368 
23 0 21 0 98 331 
20 1 18 0 263 316 
9 -1 11 0 371 314 
7 -1 7 0 533 299 
0 -5 0 -6 441 193 
17 -3 17 -7 371 191 
29 -3 29 -6 255 193 
31 -1 31 -7 168 194 
33 -1 34 -6 104 194 
35 -1 35 -7 64 190 
34 -2 34 -7 72 48 
33 -2 35 -8 208 42 
19 -7 20 -7 355 23 
10 -5 11 -6 459 16 
-3 -6 -2 -4 485 109 
5 -7 5 -4 327 112 
11 -4 9 -2 258 108 
13 -3 11 -3 200 116 
20 -2 19 -2 145 114 
25 0 28 -1 70 113 
25 -1 25 -1 96 295 
23 -1 23 -2 215 290 
23 -1 23 -2 233 295 
23 -1 23 -2 452 290 
3 -1 3 0 505 291 
10 -3 10 0 480 199 
25 -5 27 -4 316 215 
35 -2 37 -4 187 210 
35 -2 37 -4 119 214 
41 0 41 -2 38 220 
40 1 41 -2 32 124 
33 -1 34 -1 70 127 
31 -1 30 0 273 103 
27 -1 28 -1 409 99 
15 -9 17 -8 448 33 
20 -9 21 -6 292 37 
19 -9 22 -7 172 42 
23 -7 23 -4 76 37 
24 -5 23 -4 44 37 
23 -5 25 0 50 143 
18 -5 20 -1 422 165 
17 -5 18 0 491 166 
5 -1 7 1 491 320 
16 0 14 0 385 320 
24 0 22 0 307 324 
24 0 22 0 210 331 
35 2 34 -1 118 336 
37 2 37 0 40 337 
25 -7 26 -7 289 314 
27 -7 29 -8 206 312 
36 -3 39 -7 51 160 
35 -1 35 -4 118 160 
19 -4 17 -2 276 150 
11 -6 13 -1 348 142 
1 -7 1 -4 503 132 
-3 -6 1 -2 386 53 
17 -3 17 0 289 55 
23 -1 26 -4 127 55 
28 -2 31 -4 65 46 
29 -3 32 -5 46 50 
27 -3 29 -4 45 187 
23 -1 25 -2 61 222 
19 0 18 -1 205 227 
18 -1 18 1 332 224 
18 -1 18 1 455 229 
9 2 9 1 405 355 
29 1 31 0 202 375 
31 2 33 0 86 374 
32 2 34 0 27 383 
11 -3 11 -6 136 420 
11 -1 9 -4 212 423 
8 -1 7 -6 252 423 
1 -3 -2 -4 298 430 
-2 -1 -3 -1 420 427 
-3 -2 -7 -1 511 431 
1 0 -7 -2 475 590 
0 0 -2 -4 382 589 
5 1 0 -1 338 593 
7 2 5 -1 263 597 
11 2 8 -2 204 598 
13 4 11 -2 185 595 
15 3 15 -2 137 590 
16 3 17 -1 82 587 
19 4 16 -2 55 590 
17 4 18 -1 41 654 
17 4 16 0 46 687 
16 6 17 1 165 695 
16 6 17 1 255 683 
10 5 9 3 345 682 
2 3 0 0 459 683 
-1 1 -6 -2 509 608 
-1 1 -1 -2 427 612 
3 2 0 0 353 615 
9 2 8 0 264 620 
13 2 13 -2 174 626 
15 2 18 0 131 625 
17 2 17 -2 67 628 
16 0 15 -4 86 468 
13 0 11 -4 192 474 
5 0 1 -3 283 474 
-4 -2 -8 -2 391 474 
-8 -3 -9 -2 439 474 
-10 -3 -11 -1 502 473 
0 0 0 -2 423 433 
5 0 3 -2 308 427 
13 0 14 0 220 426 
16 1 18 -2 145 431 
22 1 19 -2 73 434 
23 4 19 0 78 525 
19 2 21 1 211 525 
13 2 10 0 252 524 
13 0 11 0 391 523 
2 2 -2 0 418 523 
3 4 0 2 547 682 
3 4 0 2 442 683 
16 5 12 1 334 686 
17 4 14 1 278 689 
21 4 19 0 225 691 
21 5 19 1 172 690 
23 6 25 1 124 688 
23 6 23 2 86 688 
23 6 23 2 38 691 
23 8 19 4 34 736 
22 5 19 1 136 745 
20 6 15 3 263 741 
17 8 13 5 343 741 
17 8 13 5 469 746 
2 4 0 5 490 748 
5 2 -4 5 401 605 
2 5 1 5 311 608 
15 6 12 5 175 606 
14 6 12 4 141 604 
23 8 18 4 103 491 
19 7 18 4 129 439 
18 6 13 4 199 441 
11 4 9 3 323 433 
3 2 0 3 413 431 
-4 2 -6 4 522 429 
31 5 33 0 8 524 
27 4 25 1 167 524 
19 4 18 2 202 521 
16 3 15 2 366 526 
5 1 3 3 488 528 
1 6 0 7 511 661 
1 6 0 7 387 660 
27 8 30 4 273 656 
33 8 34 4 184 657 
36 8 39 3 76 657 
38 10 38 4 41 680 
41 12 43 7 28 749 
37 12 37 7 84 784 
37 12 37 7 193 781 
37 12 37 7 335 787 
37 12 37 7 381 777 
6 6 3 6 467 767 
-8 -1 -4 3 404 525 
7 1 5 1 306 520 
19 2 15 1 159 486 
25 2 21 1 66 433 
17 0 15 -2 505 454 
27 3 25 0 347 459 
28 3 29 0 250 460 
35 4 37 1 136 456 
37 6 39 0 87 456 
35 8 37 3 48 643 
29 6 33 5 168 623 
26 7 26 4 211 623 
26 7 26 4 388 635 
26 7 26 4 540 625 
8 11 6 10 480 711 
8 11 6 10 435 711 
8 11 6 10 333 712 
8 11 6 10 265 710 
29 12 29 10 191 710 
31 12 31 11 119 710 
35 14 41 12 51 713 
35 13 34 9 64 765 
35 13 31 9 153 778 
35 13 31 9 329 790 
6 7 2 10 390 788 
6 7 2 10 504 783 
5 5 4 8 369 573 
5 5 4 8 283 568 
28 5 28 4 145 564 
32 7 30 3 36 564 
35 4 36 1 5 514 
33 4 33 3 78 493 
31 4 30 5 229 511 
23 2 21 3 456 520 
28 7 31 7 344 633 
37 13 37 9 272 629 
41 14 41 10 207 628 
41 14 41 10 120 621 
9 8 7 12 533 704 
31 10 31 3 311 683 
31 8 33 2 203 675 
31 8 33 2 129 674 
34 8 39 2 62 658 
34 8 39 2 63 531 
29 6 29 1 169 497 
29 6 29 1 269 509 
23 6 27 5 413 515 
23 6 27 5 496 520 
32 10 34 8 32 548 
27 8 29 7 192 542 
21 6 21 8 287 544 
21 6 15 8 462 547 
-2 8 1 13 460 745 
-2 8 1 13 365 742 
-2 8 1 13 251 741 
-2 8 1 13 167 739 
25 10 29 9 56 741 
26 11 29 10 61 650 
24 10 28 9 218 645 
24 10 28 9 394 648 
1 4 1 5 510 519 
5 6 5 7 410 502 
25 8 25 3 328 498 
35 10 37 5 219 498 
37 12 43 7 112 498 
41 10 43 7 55 497 
-24 -15 -26 -14 590 115 
-15 -12 -22 -10 577 234 
-22 -12 -22 -12 636 233 
-22 -12 -22 -12 685 232 
-30 -11 -29 -8 732 227 
-34 -9 -32 -8 810 224 
-36 -11 -34 -8 888 229 
-40 -9 -38 -7 960 228 
-39 -10 -38 -6 860 309 
-32 -10 -33 -8 817 307 
-26 -10 -27 -8 794 302 
-28 -9 -26 -8 765 301 
-19 -8 -18 -7 636 298 
-2 -13 -18 -8 603 298 
-28 -3 -30 0 1029 376 
-30 -14 -28 -12 908 358 
-24 -13 -26 -12 859 354 
-20 -10 -20 -10 834 352 
-16 -11 -14 -10 758 350 
-12 -10 -10 -7 678 350 
-4 -7 -6 -8 611 348 
-7 -10 -10 -10 617 234 
-7 -10 -10 -10 672 239 
-7 -10 -10 -10 765 240 
-24 -9 -25 -9 814 241 
-25 -10 -26 -8 883 243 
-12 -11 -30 -8 957 242 
-12 -11 -30 -8 999 245 
-34 -11 -34 -7 1059 248 
-14 -9 -36 -8 1039 146 
-22 -13 -31 -11 994 134 
-19 -14 -28 -12 853 142 
-24 -13 -24 -12 719 130 
-4 -9 -4 -8 607 96 
-10 -10 -10 -8 675 98 
-19 -10 -18 -6 806 93 
-24 -10 -24 -7 925 90 
-26 -9 -24 -6 1077 87 
-29 -11 -27 -5 1075 98 
-30 -9 -28 -6 1063 154 
-31 -10 -27 -4 1006 171 
-24 -9 -24 -6 866 181 
-20 -10 -18 -7 726 194 
-14 -10 -12 -6 631 192 
-2 -7 -4 -5 641 292 
-2 -7 -4 -5 761 292 
-18 -9 -14 -4 843 295 
-18 -9 -14 -4 916 295 
-28 -8 -26 -4 976 292 
-28 -8 -30 -2 1026 290 
-34 -8 -34 -2 1038 342 
-34 -1 -34 1 1045 303 
-32 -3 -30 1 938 276 
-27 -4 -29 0 896 273 
-23 -3 -24 -1 803 273 
-18 -3 -19 -2 723 275 
-5 -3 -5 -2 708 178 
-20 -5 -18 -2 781 179 
-25 -5 -23 0 876 181 
-26 -4 -25 -1 946 187 
-30 -5 -28 -2 1033 186 
-32 -5 -28 -2 1072 181 
-30 -5 -31 -3 1066 92 
-30 -5 -31 -3 872 91 
-17 -9 -20 -5 838 85 
-15 -8 -15 -6 670 97 
-1 -6 -3 -4 596 111 
-10 -4 -11 0 684 194 
-20 -3 -18 1 764 193 
-24 -3 -25 3 907 197 
-26 -3 -25 3 985 191 
-33 -4 -28 1 1025 191 
-30 -4 -27 1 1051 196 
-32 -5 -29 0 1066 243 
-30 -5 -28 0 1040 308 
-26 -5 -26 -2 988 340 
-10 -6 -10 0 914 346 
-4 -5 -4 -2 744 372 
0 -3 -4 -2 663 372 
-12 -6 -10 -4 733 283 
-16 -6 -14 -2 828 285 
-20 -5 -17 -1 927 281 
-22 -5 -20 -2 975 281 
-25 -5 -22 -2 1052 281 
-25 -5 -22 -2 1038 190 
-25 -5 -22 -2 857 185 
-11 -6 -9 -5 816 183 
0 -5 0 -6 687 183 
0 -5 0 -6 586 182 
-4 -7 -4 -5 648 24 
-12 -5 -13 -4 784 28 
-12 -5 -13 -4 854 28 
-24 -5 -21 -2 1016 19 
-30 -5 -26 0 1061 16 
-33 -6 -28 -2 1074 57 
-28 -7 -25 -2 996 99 
-24 -7 -23 -3 935 93 
-24 -7 -23 -3 768 88 
-16 -7 -14 -4 709 100 
-5 -8 -3 -3 592 107 
-12 -1 -11 3 792 288 
-15 0 -14 4 889 285 
-26 -1 -24 1 982 280 
-28 -2 -25 0 1027 279 
-5 2 -4 5 828 381 
-18 2 -16 8 968 379 
-18 2 -16 8 1052 379 
-18 2 -16 8 1036 224 
-18 2 -16 8 935 202 
-18 -2 -16 3 815 200 
-19 -2 -15 3 616 207 
-18 -3 -18 3 885 111 
-20 -2 -20 3 982 118 
-20 -2 -20 3 1078 128 
-19 -5 -21 2 1077 31 
-18 -11 -16 -2 985 28 
-17 -11 -16 -2 892 30 
-15 -3 -14 3 1022 184 
-21 -2 -16 2 1085 174 
-19 0 -18 3 1075 298 
-14 0 -13 4 987 326 
-14 -3 -10 4 811 325 
-22 -1 -20 3 833 341 
-14 0 -14 3 641 327 
-3 0 -4 3 552 322 
-9 -4 -4 0 666 128 
-12 -2 -11 0 762 128 
-16 -4 -20 0 1073 112 
-24 -9 -21 -4 887 29 
-18 -9 -14 -2 780 40 
-8 -5 -6 -2 617 48 
-4 -1 0 3 572 227 
-8 0 -6 3 720 217 
-12 1 -8 4 850 220 
-19 2 -14 5 922 221 
-22 0 -18 3 1032 218 
-22 0 -19 4 1081 369 
-12 2 -8 7 819 376 
-5 0 -6 5 641 361 
-13 -3 -15 -1 614 435 
-20 -3 -21 -1 713 441 
-27 -3 -27 0 789 440 
-32 -3 -32 0 851 441 
-36 -3 -37 0 900 445 
-36 -3 -36 0 985 444 
-36 -3 -36 0 1041 448 
-36 0 -38 3 982 577 
-30 -1 -35 3 927 575 
-29 0 -30 3 850 578 
-29 0 -30 3 781 579 
-22 0 -23 0 665 587 
-9 0 -12 0 564 591 
-2 4 -4 3 559 683 
-11 1 -13 2 631 686 
-19 1 -22 3 701 687 
-27 2 -28 3 749 692 
-32 0 -32 3 839 696 
-34 2 -34 5 914 697 
-34 1 -34 5 990 694 
-34 1 -34 5 1036 695 
-40 1 -38 8 1082 597 
-36 1 -35 5 1020 594 
-30 0 -32 3 945 600 
-30 1 -30 4 836 605 
-25 1 -24 3 726 607 
0 2 -17 4 696 608 
-5 2 -8 -1 631 608 
-10 -3 -15 0 572 476 
-10 -3 -15 0 645 480 
-22 -3 -22 0 721 482 
-24 -1 -24 0 785 484 
-24 -3 -23 0 844 486 
-25 -2 -25 0 864 486 
-28 -4 -28 0 932 482 
-30 -3 -28 0 970 484 
-30 -1 -30 0 1042 486 
-24 -3 -22 1 694 432 
-14 -3 -13 0 603 434 
-1 0 -4 2 581 521 
-10 0 -10 1 712 524 
-15 1 -18 5 784 527 
-18 1 -20 4 893 530 
-18 0 -18 3 981 528 
-23 2 -21 5 1034 532 
-23 2 -21 5 1075 540 
-26 4 -26 7 1054 655 
-28 4 -27 7 908 676 
-22 2 -24 5 834 677 
-15 3 -16 7 741 677 
-10 2 -12 5 640 679 
2 4 0 5 651 756 
-9 3 -10 5 694 758 
-9 3 -10 5 765 757 
3 4 -16 8 812 755 
-14 4 -19 8 955 735 
1 6 -17 9 1016 736 
1 6 -17 9 1050 740 
1 6 -17 9 1018 579 
-19 4 -18 9 930 619 
-15 6 -16 9 835 598 
-12 4 -14 6 649 605 
-6 4 -10 7 577 607 
-8 2 -10 5 602 429 
-14 0 -16 3 686 428 
-16 0 -16 3 737 427 
-22 0 -20 3 833 422 
-30 0 -28 5 908 422 
-30 0 -34 3 994 429 
-36 2 -32 5 1046 435 
-8 2 -5 4 726 535 
-16 4 -12 5 836 537 
-19 4 -17 7 930 541 
-19 4 -17 7 1018 541 
-27 0 -27 6 1073 539 
-27 4 -28 9 1063 653 
-27 4 -24 9 949 670 
-20 5 -22 9 884 664 
-14 4 -14 6 756 659 
1 6 0 7 710 660 
1 6 0 7 595 659 
-5 4 -6 7 659 786 
-14 5 -14 9 818 785 
-16 4 -16 9 863 784 
-16 4 -16 9 936 782 
-23 5 -23 10 1015 786 
-23 5 -23 10 1071 787 
-23 2 -24 9 1052 583 
-26 0 -22 6 971 523 
-20 0 -12 7 834 553 
-8 -1 -4 3 669 524 
-28 -1 -26 2 1047 428 
-28 -1 -26 2 960 447 
-28 -1 -26 2 895 455 
-14 -3 -13 1 815 454 
-14 -3 -13 1 749 461 
-14 -3 -13 1 676 465 
-16 4 -14 9 874 623 
-18 4 -16 9 978 623 
-22 6 -23 12 1018 626 
-26 5 -26 11 1072 648 
-26 5 -26 11 997 729 
-21 9 -20 9 869 701 
-5 9 -6 11 694 704 
-5 9 -6 11 611 706 
-8 6 -10 9 657 772 
-6 6 -9 10 744 770 
-16 8 -16 11 844 766 
-18 8 -18 13 979 773 
-18 8 -18 13 1056 787 
-18 8 -18 13 1031 570 
-18 8 -18 13 810 574 
-20 6 -18 13 681 571 
-11 8 -10 11 568 584 
-13 3 -14 8 897 522 
-13 3 -14 8 1013 519 
-23 4 -20 11 1089 523 
-22 8 -22 15 1051 613 
-17 7 -14 14 890 615 
-12 6 -12 11 696 623 
-12 6 -12 11 592 627 
-4 8 -3 13 673 701 
0 4 1 7 638 523 
0 4 1 7 798 526 
-12 2 -11 7 899 526 
-18 4 -9 11 1013 527 
-23 4 -22 9 1099 530 
-12 5 -9 8 822 554 
-12 5 -9 8 936 553 
-12 5 -9 8 1049 549 
-11 3 -8 7 862 523 
-14 2 -10 7 987 581 
-22 3 -22 7 1060 637 
-26 4 -22 11 1042 725 
-14 6 -12 9 883 732 
-8 4 -9 10 766 738 
-2 8 1 13 594 733 
-4 4 -3 8 681 644 
-6 4 -6 10 853 643 
-15 5 -12 10 952 648 
-19 8 -14 12 1006 644 
-19 8 -14 12 1023 545 
-14 8 -12 7 840 539 
-8 4 -6 7 681 516 
9 -11 11 -11 161 32 
5 -10 7 -7 249 31 
0 -11 2 -8 291 32 
0 -11 2 -8 351 38 
-1 -9 0 -8 407 42 
-3 -9 -3 -6 491 43 
12 -11 12 -10 237 111 
12 -11 12 -10 157 113 
16 -9 18 -11 90 113 
16 -9 18 -11 27 113 
18 -5 23 -8 23 225 
17 -7 22 -4 118 212 
12 -7 12 -5 226 203 
10 -8 10 -4 330 208 
6 -9 6 -5 416 209 
6 -9 6 -5 487 204 
12 -5 -1 -4 440 315 
8 -1 8 -2 367 315 
18 -1 22 -2 295 320 
21 1 26 -2 227 317 
23 0 28 -2 152 321 
25 2 28 -2 99 323 
27 3 30 -2 64 327 
3 -4 5 -4 487 283 
10 -5 10 -6 416 280 
12 -5 14 -6 325 283 
14 -7 19 -8 275 289 
16 -7 18 -9 180 298 
20 -5 20 -8 116 298 
21 -5 20 -8 26 302 
28 -6 28 -8 35 204 
24 -3 26 -4 57 193 
18 -3 20 -4 149 190 
14 -3 14 -4 393 171 
9 -6 8 -4 507 170 
-1 -9 0 -8 501 33 
8 -8 9 -9 375 21 
12 -7 12 -8 275 24 
12 -7 12 -8 143 33 
18 -5 18 -6 65 37 
22 -5 24 -8 49 39 
24 -3 25 -8 30 90 
24 -4 26 -6 178 90 
18 -5 18 -6 330 100 
12 -3 12 -3 308 214 
16 -3 18 -3 235 214 
16 -3 18 -3 190 213 
20 -3 22 -4 107 215 
26 -3 29 -5 52 219 
22 -5 22 -5 55 339 
19 -1 20 -2 179 316 
15 -2 17 -1 309 309 
-1 0 -1 2 501 313 
33 1 34 -4 60 310 
26 0 29 -2 211 291 
18 0 20 0 307 285 
10 -1 12 0 373 280 
4 -5 2 -6 445 195 
4 -5 2 -6 322 193 
4 -5 2 -6 270 190 
16 -7 20 -9 165 192 
20 -6 21 -7 98 192 
18 -7 20 -6 8 191 
19 -5 20 -8 24 113 
17 -8 20 -8 57 105 
14 -7 14 -6 126 104 
13 -8 12 -6 209 101 
10 -7 13 -7 372 100 
0 -9 4 -8 397 98 
-1 -10 -1 -6 508 97 
0 -8 -1 -4 328 22 
8 -9 8 -6 213 29 
11 -9 10 -6 136 47 
12 -9 15 -6 3 38 
13 -9 13 -7 59 202 
12 -9 12 -6 107 245 
7 -7 6 -3 268 238 
7 -7 6 -3 344 238 
7 -7 6 -3 436 243 
0 -3 2 -2 536 371 
0 -5 0 -5 417 365 
15 -5 0 -5 262 358 
15 -5 0 -5 174 359 
11 -3 11 -2 122 353 
9 -5 13 -2 50 357 
4 0 2 -2 361 376 
12 -1 9 -3 248 339 
14 -1 10 -2 179 329 
17 -4 16 -6 104 298 
17 -4 16 -6 32 286 
32 -3 31 -9 42 95 
26 -3 28 -8 144 40 
19 -1 18 -6 331 34 
12 0 8 -2 432 33 
6 2 2 0 513 143 
10 0 6 0 362 144 
13 3 11 0 320 146 
18 2 16 0 196 144 
18 2 17 0 111 144 
26 3 24 -3 85 144 
27 3 26 -2 60 147 
28 4 27 -1 49 211 
27 5 26 0 61 315 
26 5 24 1 64 334 
25 5 24 1 99 361 
19 5 17 2 333 362 
6 0 4 0 468 230 
10 0 9 -2 390 234 
20 1 18 -4 315 235 
22 0 22 -4 264 237 
24 0 24 -4 185 238 
27 2 27 -2 139 242 
30 2 30 0 2 251 
31 1 32 0 46 234 
23 -1 24 -2 36 101 
19 -2 20 -2 89 95 
19 -3 18 -4 185 99 
16 -3 16 -2 280 100 
11 -3 10 -2 345 104 
6 -3 4 -4 483 102 
0 -2 1 -3 538 102 
8 -5 8 -4 450 57 
13 -5 14 -5 339 57 
19 -5 17 -6 264 56 
22 -4 24 -5 168 55 
29 -4 29 -6 133 53 
26 -3 30 -6 37 52 
23 -2 26 -2 11 135 
24 0 24 0 60 193 
16 0 16 1 164 191 
12 2 10 1 291 191 
4 0 4 0 512 362 
10 0 7 0 437 357 
16 0 15 0 324 354 
18 0 20 0 233 356 
20 0 22 0 199 357 
24 0 25 0 107 361 
26 2 26 1 43 375 
16 2 16 1 311 273 
20 4 22 0 205 279 
28 3 30 0 123 282 
32 4 36 0 29 285 
32 3 34 0 27 179 
24 1 25 -2 63 147 
17 -2 19 -4 211 140 
12 -1 10 -5 310 140 
8 -1 8 -2 431 138 
1 1 0 0 499 141 
22 -5 26 -7 465 66 
25 -5 28 -8 389 70 
28 -6 32 -8 308 75 
32 -5 36 -8 199 78 
34 -4 36 -10 120 79 
32 -5 36 -10 33 81 
28 -7 31 -10 15 27 
19 -8 22 -6 164 19 
15 -7 15 -5 236 17 
10 -7 10 -4 278 21 
4 -7 4 -4 420 20 
0 -5 0 -6 515 70 
15 -4 15 -4 455 71 
22 -3 24 -4 372 73 
24 -3 24 -4 278 80 
26 -2 28 -6 200 81 
32 -1 30 -4 136 81 
33 -2 33 -5 55 81 
28 -1 32 -4 40 136 
25 0 26 0 250 156 
14 -1 12 0 325 151 
28 6 30 -1 66 413 
15 3 18 3 128 428 
16 4 16 3 248 431 
10 4 12 5 366 433 
10 4 12 5 458 433 
2 0 8 -2 520 631 
8 0 12 -1 474 627 
8 0 12 -1 440 628 
28 12 26 8 87 741 
16 12 14 13 220 746 
14 6 16 3 252 657 
15 6 16 4 154 654 
14 5 18 3 80 660 
16 4 18 1 97 517 
13 6 14 5 138 462 
6 4 4 3 312 493 
2 2 4 3 531 448 
4 2 6 1 477 479 
18 1 19 -1 369 478 
22 4 25 0 276 470 
24 3 26 0 184 472 
26 4 28 0 108 486 
26 4 29 2 75 551 
23 4 25 2 75 619 
18 3 18 1 170 626 
8 4 8 5 277 623 
8 4 8 5 417 624 
16 5 16 2 279 757 
16 5 16 2 127 761 
20 6 22 3 8 762 
23 7 28 4 33 688 
20 6 20 3 153 714 
3 4 8 1 300 701 
4 1 3 2 415 695 
14 2 14 0 455 424 
20 4 23 0 350 429 
22 4 26 0 271 431 
26 2 30 0 155 430 
28 2 32 -5 112 429 
28 2 32 -5 28 419 
14 -3 18 -2 28 478 
13 -2 18 -2 76 470 
9 0 10 0 176 472 
9 0 10 0 355 475 
9 0 10 0 466 479 
17 3 13 -1 299 595 
21 5 21 -1 209 591 
24 6 22 1 92 591 
26 5 24 -2 39 599 
26 7 23 0 34 648 
20 5 18 0 46 696 
12 6 12 3 159 691 
12 -3 10 -2 244 749 
16 -1 16 -4 171 749 
16 0 14 -4 114 757 
18 0 16 -1 73 757 
18 2 16 0 108 619 
18 6 16 4 64 443 
18 -1 18 -3 40 475 
19 0 16 -2 220 500 
14 2 10 0 390 512 
6 4 4 3 495 629 
16 8 12 3 353 631 
22 9 21 3 239 644 
30 10 32 3 100 643 
12 10 7 9 468 484 
14 9 10 7 408 482 
14 8 11 8 312 477 
16 9 13 8 208 476 
16 10 13 8 138 473 
15 11 12 9 83 475 
18 10 16 11 5 662 
16 12 12 8 142 615 
13 11 10 10 354 612 
14 12 14 11 534 726 
20 14 18 11 352 717 
23 13 22 10 109 712 
26 14 28 11 70 664 
24 14 24 11 135 541 
16 12 14 11 365 547 
9 10 8 11 530 529 
25 3 30 3 66 450 
26 4 25 2 178 472 
18 6 18 3 246 475 
13 7 8 5 400 480 
8 5 6 6 424 560 
18 4 18 3 291 548 
21 4 24 3 209 546 
26 6 24 5 76 548 
26 8 25 5 23 634 
22 12 21 11 171 681 
8 10 6 13 305 662 
15 11 12 9 381 706 
16 14 16 12 279 705 
20 14 21 12 145 697 
14 14 12 13 279 765 
14 14 12 13 469 772 
14 14 12 13 524 771 
-7 -9 -7 -6 554 42 
-7 -9 -7 -6 606 43 
-16 -10 -15 -6 709 42 
-21 -12 -17 -8 785 38 
-13 -13 -29 -7 876 34 
-34 -13 -29 -7 938 38 
-36 -12 -30 -6 1004 34 
-18 -14 -31 -7 947 104 
-18 -14 -31 -7 899 103 
-18 -11 -19 -8 758 100 
2 -11 -13 -7 699 101 
2 -11 -13 -7 589 102 
-9 -11 -5 -4 572 201 
-17 -7 -15 -1 651 202 
-23 -9 -20 -3 723 202 
-24 -7 -21 -2 768 211 
-24 -7 -21 -2 886 213 
-30 -8 -33 0 941 213 
-30 -8 -33 0 1035 213 
-35 -5 -37 0 1040 288 
-29 -9 -35 0 882 314 
-23 -5 -21 -2 797 309 
-15 -5 -13 -2 652 307 
-32 -5 -33 -2 1050 347 
-22 -7 -29 -5 987 309 
-23 -5 -21 -4 803 292 
-23 -5 -21 -4 711 293 
-23 -5 -21 -4 594 288 
0 -7 0 -4 635 166 
-13 -10 -11 -4 730 163 
-20 -6 -18 -3 867 170 
-19 -7 -19 -3 946 173 
-18 -5 -19 -2 1028 163 
-15 -3 -20 -2 1064 85 
-19 -3 -19 -2 1002 60 
-18 -6 -15 -4 811 59 
0 -7 1 -5 808 95 
-11 -8 -11 -6 954 101 
-15 -7 -13 -4 1031 101 
-13 -6 -13 -3 1053 144 
-13 -5 -13 -2 1015 197 
-10 -4 -9 -2 732 199 
-9 -5 -6 -2 622 205 
-1 0 -1 2 628 313 
-10 0 -9 1 821 310 
-23 -5 -21 -2 922 306 
-21 -5 -19 -2 1024 306 
6 0 6 0 562 261 
-19 -3 -14 0 850 259 
-19 -3 -14 0 977 261 
-21 -1 -21 -2 1050 261 
-23 -4 -20 -1 1040 213 
-17 -4 -17 -2 845 203 
-13 -5 -11 -2 795 203 
-13 -5 -12 -3 702 208 
-13 -5 -12 -3 642 207 
-1 -10 -1 -6 652 92 
-9 -9 -9 -4 761 94 
-9 -9 -9 -4 943 100 
-21 -9 -20 -2 992 105 
-23 -9 -23 -2 1062 105 
-25 -11 -24 -4 1050 53 
-21 -11 -20 -5 905 53 
-15 -12 -11 -6 811 56 
-17 -11 -15 -6 729 57 
-12 -9 -9 -4 575 61 
7 -7 6 -3 611 251 
7 -7 6 -3 712 256 
-19 -3 -17 0 884 258 
-22 -4 -21 0 997 264 
-23 -7 -23 0 1064 264 
-27 -7 -27 0 1064 306 
-27 -7 -27 0 952 345 
-27 -7 -27 0 838 366 
-27 -7 -27 0 779 378 
-27 -7 -27 0 735 382 
0 -3 2 -2 609 385 
-3 -1 -5 0 608 217 
-11 -3 -13 -2 716 213 
-17 -3 -19 -2 861 214 
-23 -4 -25 -2 941 214 
-29 -5 -30 -3 1032 215 
-35 -7 -33 -4 1059 249 
-33 -5 -35 -2 1062 355 
8 -1 5 -2 652 39 
2 1 0 -1 782 40 
-10 1 -11 0 909 37 
-12 0 -12 0 1035 32 
-13 0 -13 1 1077 63 
-11 1 -15 0 1081 140 
-11 0 -13 0 917 138 
-5 0 -7 1 806 144 
-1 2 -3 3 714 145 
3 2 0 1 666 144 
4 2 2 0 590 144 
-21 0 -21 0 1079 337 
-25 -4 -24 -3 1075 248 
-23 -3 -21 -2 1001 243 
-23 -3 -21 -2 906 237 
-14 0 -15 0 855 233 
-9 1 -8 1 783 230 
0 2 -3 1 659 229 
1 2 1 1 571 230 
-11 -4 -11 -2 858 129 
-15 -3 -15 -2 974 125 
-19 -3 -19 -1 1078 113 
-14 -8 -15 -7 933 40 
2 -6 0 -6 575 57 
-9 1 -11 1 740 212 
-11 0 -16 1 853 215 
-26 2 -27 3 1058 304 
-11 2 -12 3 706 357 
6 2 -2 2 641 357 
-29 0 -26 3 1080 374 
-13 2 -13 3 725 301 
2 2 1 0 562 285 
-5 0 -7 0 690 140 
-14 0 -13 0 789 134 
-13 0 -13 0 902 129 
-19 -1 -19 0 971 129 
-15 -3 -15 -2 1074 129 
-18 -4 -19 -4 1094 120 
-18 -4 -19 -4 1087 67 
-13 -7 -13 -6 958 59 
-9 -9 -11 -8 829 59 
6 -5 2 -8 725 59 
0 -7 0 -4 652 23 
-9 -5 -9 -2 701 25 
-17 -5 -15 -4 831 25 
-17 -5 -18 -2 948 30 
-22 -3 -19 -2 995 30 
-26 -5 -27 -2 1077 26 
-35 -5 -29 -1 1080 68 
-22 -4 -27 -2 979 74 
-18 -4 -16 -1 889 74 
-16 -3 -15 -2 762 74 
0 -5 -1 -4 621 68 
6 -1 6 0 592 155 
-9 -1 -9 1 747 155 
-10 1 -14 1 917 159 
-19 2 -20 1 1041 156 
-22 2 -21 3 1089 215 
-15 0 -16 2 969 222 
-11 0 -9 1 870 219 
0 0 0 1 726 217 
2 0 2 0 632 208 
2 0 2 0 632 208 
-19 -1 -11 5 789 447 
-25 -1 -25 1 848 449 
-25 -1 -25 1 956 452 
-25 -1 -25 1 1025 450 
-25 -1 -25 1 1060 479 
-25 -1 -25 1 1006 653 
-25 -1 -25 1 939 657 
-25 -1 -25 1 856 647 
-17 -1 -12 4 783 644 
-3 0 -3 3 686 639 
-19 10 -17 17 640 752 
-26 10 -23 15 748 754 
-31 8 -30 13 825 756 
-31 8 -29 15 934 758 
-31 8 -29 15 1030 756 
-31 8 -29 15 1079 741 
-31 8 -29 15 1064 685 
-31 8 -29 15 1013 677 
-31 8 -29 15 881 672 
-19 0 -15 6 819 671 
-19 0 -15 6 724 666 
-6 3 -7 1 626 666 
-15 2 -12 4 673 461 
-18 0 -17 3 776 457 
-29 0 -27 3 900 463 
-31 -1 -31 3 990 472 
-33 -1 -31 0 1047 467 
-5 0 -21 5 1025 403 
-13 6 -21 7 993 470 
-13 2 -11 3 733 471 
0 2 -1 2 569 474 
-17 4 -15 7 799 624 
-18 4 -15 9 870 624 
-18 4 -19 7 930 627 
-21 4 -20 8 1017 628 
-21 4 -20 8 1041 638 
-27 4 -26 9 1016 782 
-27 4 -26 9 866 780 
-27 4 -26 9 706 761 
-27 4 -26 9 605 762 
-3 3 -1 7 757 682 
-15 6 -15 11 914 682 
-23 6 -21 9 1021 686 
-28 6 -23 11 1085 688 
-26 0 -29 0 1050 439 
-26 0 -29 0 889 428 
-15 -1 -16 0 801 419 
-7 -1 -9 0 673 418 
-7 -1 -9 0 587 418 
-13 -1 -13 1 581 486 
-13 -1 -13 1 701 490 
-27 -1 -26 3 729 501 
-27 4 -28 9 844 503 
-29 4 -31 7 899 503 
-27 4 -27 4 999 506 
-33 -1 -33 -1 1043 503 
-25 4 -25 3 1018 564 
-25 4 -29 3 930 593 
-17 2 -19 1 835 595 
-13 2 -16 1 710 597 
0 2 -5 0 579 599 
-3 4 -8 7 638 705 
-13 3 -17 7 779 712 
-17 4 -18 8 882 724 
-21 6 -25 9 974 730 
-21 6 -25 9 1047 722 
-21 6 -25 9 1041 771 
-21 6 -25 9 840 763 
-21 6 -25 9 709 758 
-21 6 -25 9 562 754 
-30 -4 -30 -1 1052 430 
-27 -5 -29 -2 856 442 
-18 0 -19 0 720 447 
-11 -3 -12 -1 834 530 
-21 -5 -22 -1 1015 540 
-21 -5 -22 -1 1067 547 
-21 -5 -22 -1 1059 649 
-8 -1 -13 0 961 645 
-4 1 -6 1 767 645 
-4 1 -6 1 658 635 
-3 8 -4 8 1021 501 
-1 8 -5 9 1008 503 
-3 8 -2 9 891 502 
2 10 0 9 713 491 
2 8 0 11 941 625 
0 9 0 11 1036 624 
-1 10 -1 11 1038 755 
-1 10 -1 11 829 741 
-1 10 -1 11 708 738 
-3 5 -4 7 748 529 
-13 6 -12 6 875 528 
-17 6 -20 7 1005 529 
-20 5 -22 7 1070 529 
-10 4 -11 7 746 474 
-11 4 -13 6 807 472 
-21 2 -21 7 923 476 
-27 4 -26 6 1035 482 
-25 4 -27 7 1071 500 
-25 6 -25 9 1035 584 
-20 7 -20 9 942 594 
-14 5 -14 8 765 576 
-5 10 -3 11 633 652 
-15 9 -13 13 722 665 
-18 9 -19 13 849 665 
-23 8 -25 11 995 662 
-29 6 -30 10 1047 657 
-29 6 -30 10 1047 746 
-23 10 -24 16 986 752 
-15 12 -16 15 859 741 
-9 10 -13 13 640 775 
-19 12 -17 15 699 778 
