-1 -7 -3 -6 409 216 
8 -5 6 -8 247 224 
15 -7 13 -9 115 211 
20 -6 17 -8 61 216 
20 2 18 1 49 376 
7 2 6 1 311 389 
23 2 21 -3 79 382 
25 0 22 -6 85 207 
24 -3 22 -10 87 106 
22 -5 19 -11 176 97 
19 -5 17 -10 172 207 
20 0 18 -4 167 283 
16 6 16 0 165 354 
18 1 15 -1 316 254 
19 -1 16 -4 315 164 
19 -7 15 -10 342 79 
11 -11 9 -14 404 77 
7 -13 6 -14 475 84 
2 -12 0 -12 493 77 
7 -7 4 -8 521 128 
6 -5 3 -9 480 149 
11 -5 10 -10 473 196 
11 -2 10 -8 469 250 
10 0 8 -4 469 294 
1 -7 -1 -4 504 341 
5 -5 2 -5 393 341 
13 -3 13 -3 304 333 
14 -3 14 0 241 348 
17 -1 18 1 150 348 
21 -1 24 -2 74 376 
21 -1 24 -2 48 369 
28 -1 28 -2 39 264 
26 -3 24 -4 46 216 
21 -7 20 -6 101 214 
21 -7 18 -6 193 216 
11 -9 9 -7 217 218 
7 -13 6 -10 331 66 
10 -13 10 -12 217 73 
14 -13 14 -11 94 84 
15 -13 16 -12 68 60 
11 -11 12 -10 310 29 
1 -13 2 -9 410 33 
0 -12 -1 -9 526 28 
0 -9 0 -8 448 124 
8 -8 7 -8 289 99 
14 -6 14 -9 167 99 
19 -5 19 -9 114 113 
21 -3 22 -6 78 203 
26 -2 26 -6 78 205 
24 -2 23 -5 208 244 
22 -1 18 -4 282 244 
13 -3 15 -4 371 241 
5 -2 2 -3 545 249 
7 0 5 -1 549 295 
13 0 10 0 448 296 
16 0 14 -2 345 295 
21 0 20 -2 218 295 
23 0 23 -2 172 297 
32 3 30 0 79 389 
29 0 28 0 189 391 
24 2 23 -1 222 387 
17 0 14 0 346 387 
7 -1 5 0 471 371 
23 -3 22 -5 92 387 
23 -3 22 -4 111 329 
16 -6 15 -7 172 322 
9 -7 8 -6 297 326 
3 -7 2 -6 411 320 
13 -9 12 -10 455 196 
15 -9 17 -12 318 185 
21 -9 22 -13 186 175 
25 -9 25 -12 108 175 
29 -8 28 -12 77 152 
29 -8 29 -11 77 126 
25 -9 26 -13 95 68 
21 -10 21 -12 165 64 
13 -11 12 -11 310 56 
5 -11 4 -10 473 30 
15 -5 15 -6 305 102 
21 -5 20 -8 260 110 
25 -5 25 -8 109 151 
29 0 28 -4 99 309 
30 0 30 -2 332 260 
17 -5 16 -6 459 232 
3 -5 3 -4 506 228 
11 -6 11 -5 390 357 
14 -5 15 -6 140 384 
23 6 22 3 165 394 
26 4 24 1 149 377 
27 0 26 -3 66 342 
27 -7 26 -8 69 325 
26 -8 24 -10 164 324 
20 -7 18 -8 359 300 
12 -7 11 -8 409 295 
4 -6 4 -6 507 302 
17 -3 13 -4 532 170 
22 -3 21 -6 499 170 
23 -2 23 -5 379 180 
31 1 29 -4 251 184 
33 0 32 -4 148 188 
36 1 36 -4 134 188 
39 0 38 -3 43 173 
37 0 36 -3 56 117 
34 -1 34 -6 247 83 
21 -5 21 -9 262 84 
14 -5 14 -7 331 92 
7 -7 4 -6 452 95 
16 -5 16 -4 524 50 
19 -5 18 -6 436 54 
21 -5 23 -5 313 32 
29 -2 32 -4 202 31 
34 -2 34 -4 177 34 
38 0 40 -3 65 36 
40 -2 42 -4 61 107 
35 -1 34 -3 273 76 
31 -1 31 -1 427 75 
17 -2 16 -2 529 75 
7 -1 7 1 447 152 
17 0 16 0 369 163 
28 1 28 0 276 183 
40 4 40 0 71 175 
38 2 38 -2 187 146 
37 2 36 0 182 227 
35 5 34 3 208 357 
25 4 24 3 363 332 
38 1 42 1 33 386 
38 1 42 1 43 322 
27 -5 26 -6 99 312 
17 -3 18 -5 265 313 
10 -7 11 -6 359 310 
1 -7 0 -6 466 303 
34 -10 36 -12 145 173 
37 -8 40 -12 45 160 
37 -11 40 -12 36 141 
37 -11 40 -12 42 123 
24 -9 27 -11 157 114 
19 -11 22 -12 334 112 
15 -7 17 -6 420 114 
15 -7 12 -4 516 114 
7 -9 7 -8 513 27 
11 -10 12 -8 450 28 
13 -9 14 -8 408 29 
20 -6 21 -8 301 30 
25 -7 25 -9 194 45 
27 -5 30 -10 188 45 
31 -7 34 -10 77 30 
34 -5 34 -9 56 164 
33 -1 36 -6 55 171 
33 -1 33 -5 132 230 
28 -1 32 -6 332 227 
15 -1 14 -1 367 225 
13 2 14 3 468 337 
17 0 18 1 401 339 
21 2 22 2 347 352 
27 4 29 2 249 355 
29 4 30 3 201 349 
3 4 0 5 493 547 
5 5 4 3 326 552 
16 7 12 3 171 564 
19 6 16 3 58 541 
21 8 20 5 50 693 
20 13 17 9 61 769 
25 10 24 5 41 659 
21 6 18 2 162 474 
19 7 18 3 172 648 
16 12 14 8 301 686 
18 10 15 6 306 477 
9 13 6 7 489 494 
9 12 5 8 489 509 
7 16 5 11 501 729 
14 9 12 5 438 728 
3 10 2 7 283 739 
15 8 12 5 167 714 
19 10 17 5 112 707 
23 10 22 4 65 693 
23 8 22 5 68 619 
25 7 24 1 69 612 
25 6 22 1 65 539 
21 8 20 1 143 542 
19 4 16 0 229 538 
15 5 16 0 234 539 
17 3 14 0 334 544 
15 5 12 0 406 558 
11 4 10 0 431 556 
7 6 5 1 521 550 
5 2 4 3 508 514 
15 1 12 1 341 503 
18 1 18 2 194 522 
28 4 28 3 52 611 
29 5 28 3 240 587 
23 4 22 3 282 578 
15 4 12 3 467 561 
21 10 19 7 161 684 
29 4 30 2 130 685 
32 7 30 4 48 755 
29 9 28 6 230 752 
29 9 28 6 388 743 
21 -1 18 -2 126 542 
21 -1 18 -2 117 539 
24 -2 24 -4 87 479 
25 -1 22 -4 86 432 
17 10 16 7 278 578 
23 6 24 7 130 584 
25 6 26 5 76 608 
25 6 26 5 50 651 
29 10 29 8 168 714 
29 10 28 9 378 694 
11 16 9 13 502 766 
14 14 12 11 415 768 
14 14 12 11 291 776 
14 14 12 11 132 749 
14 14 12 11 97 750 
33 4 33 0 235 559 
20 1 20 0 362 549 
15 0 10 1 422 407 
19 6 16 7 394 508 
25 10 24 7 252 507 
31 8 33 9 167 503 
33 10 34 9 58 543 
39 10 39 10 74 591 
31 14 32 11 245 580 
13 12 10 13 435 577 
22 9 23 6 248 745 
27 8 28 5 107 735 
25 10 27 6 41 749 
25 10 27 6 212 780 
19 10 18 9 374 776 
23 0 22 0 418 654 
27 2 26 -2 375 654 
30 3 29 0 242 653 
33 4 33 1 76 657 
33 2 32 -4 313 558 
29 0 32 -2 476 552 
11 0 8 1 499 415 
15 0 14 1 385 415 
25 2 24 0 274 420 
29 3 29 1 203 425 
33 4 34 1 177 425 
36 1 38 1 100 432 
39 2 40 1 30 434 
36 7 38 7 66 525 
36 7 38 7 83 525 
36 7 38 7 142 531 
29 12 31 13 299 529 
23 12 24 13 446 504 
15 6 14 3 528 696 
15 6 14 3 435 701 
15 6 14 3 268 690 
15 6 14 3 156 693 
15 6 14 3 88 650 
15 6 14 3 67 609 
35 2 34 -3 132 600 
21 2 22 -2 223 596 
13 -1 14 0 358 593 
-32 -15 -36 -11 1049 40 
-32 -7 -35 -3 1045 230 
-16 -9 -21 -6 816 222 
-8 -5 -11 -4 601 218 
-4 1 -9 1 570 378 
-20 0 -21 1 809 379 
-28 2 -29 2 1017 388 
0 -11 -2 -11 569 66 
-4 -4 -7 -4 606 142 
-3 -3 -8 -4 696 147 
-8 -5 -11 -6 790 110 
-11 -10 -13 -9 684 32 
-12 -13 -13 -12 781 60 
-24 -13 -24 -10 851 44 
-26 -12 -27 -9 904 55 
-30 -11 -30 -8 1022 67 
-32 -10 -33 -4 1072 95 
-34 -5 -33 -2 1063 180 
-32 -7 -31 -2 1026 199 
-28 -6 -29 -2 934 148 
-18 -7 -24 -4 792 165 
-9 -7 -15 -6 715 165 
-2 -5 -6 -8 611 149 
1 -7 -1 -9 588 145 
3 2 0 -1 599 296 
-3 1 -7 0 717 277 
-10 0 -15 0 746 275 
-12 0 -19 1 835 271 
-22 0 -25 1 946 283 
-27 4 -25 3 1006 279 
-26 0 -25 3 1055 362 
-20 2 -27 3 1052 375 
-20 2 -25 5 933 385 
-20 2 -25 5 921 382 
-12 4 -19 5 765 382 
-6 4 -8 4 639 390 
-36 -5 -35 -2 1026 372 
-38 -7 -35 -6 948 361 
-34 -9 -32 -6 892 349 
-21 -9 -23 -6 795 338 
-21 -9 -23 -6 729 337 
-14 -7 -17 -6 694 337 
-4 -8 -6 -6 602 334 
-7 -11 -7 -7 619 183 
-12 -11 -13 -8 729 164 
-12 -11 -13 -8 812 165 
-16 -9 -19 -8 820 167 
-24 -9 -25 -7 912 167 
-30 -9 -27 -6 996 174 
-32 -9 -29 -6 1047 173 
-32 -9 -29 -6 1064 150 
-42 -13 -36 -3 1049 102 
-40 -13 -37 -2 992 37 
-40 -14 -37 -3 887 68 
-37 -13 -35 -3 737 60 
-16 -14 -19 -8 570 50 
-16 -14 -17 -10 612 35 
-16 -14 -17 -10 734 22 
-30 -11 -26 -7 947 35 
-30 -11 -26 -7 1028 38 
-28 -12 -27 -8 1043 76 
-30 -11 -27 -8 1039 84 
-24 -12 -25 -6 1048 153 
-17 -11 -21 -8 869 136 
-12 -9 -15 -8 786 138 
-10 -9 -9 -7 699 116 
1 -3 -1 -2 704 230 
-5 -3 -11 -2 748 230 
-13 -4 -15 -1 866 221 
-17 -3 -17 -2 1019 200 
-17 -3 -17 -2 1027 201 
-24 0 -25 0 1048 283 
-24 0 -24 1 1042 285 
-24 0 -24 1 908 295 
-6 2 -15 3 866 296 
-2 2 -8 0 721 288 
-2 -1 -6 2 627 371 
-16 0 -15 4 762 361 
-16 0 -15 4 829 356 
0 -11 0 -6 564 315 
-8 -5 -9 -4 681 313 
-12 -7 -15 -3 791 307 
-20 -8 -23 -2 855 315 
-30 -7 -29 -1 938 313 
-32 -5 -29 0 1017 297 
-32 -5 -30 0 1020 287 
-32 -5 -30 0 1023 244 
-28 -5 -27 -2 951 217 
-24 -5 -21 -2 930 211 
-6 -5 -9 -5 792 203 
7 -8 4 -6 602 186 
0 -12 -3 -8 640 37 
-22 -9 -19 -4 806 23 
-28 -11 -25 -4 951 6 
-37 -10 -31 -3 1009 16 
-34 -12 -30 -4 1029 34 
-35 -11 -31 -4 1049 38 
-36 -9 -31 -2 1075 100 
-1 -1 -3 0 696 80 
-9 -7 -8 -4 668 219 
-12 -7 -15 -4 846 178 
-18 -6 -18 -2 999 175 
-22 -3 -21 1 1020 281 
-7 -3 -9 0 886 322 
5 -7 4 -4 694 334 
0 0 -3 0 646 379 
1 -7 -2 -5 600 303 
-4 -5 -7 -4 693 303 
-18 -5 -17 -1 844 303 
-18 -5 -17 -1 919 303 
-27 -2 -25 1 972 308 
-36 0 -31 3 1032 270 
-24 -4 -22 -1 1012 187 
-20 -5 -20 -3 923 183 
-8 -1 -8 -3 891 183 
2 -2 -1 -3 720 183 
7 -7 4 -6 621 101 
-12 -5 -11 -4 775 102 
-17 -8 -14 -6 952 77 
-22 -5 -18 -3 1053 80 
-22 -7 -19 -2 1085 77 
-20 -7 -18 -5 1062 29 
-20 -7 -18 -5 970 30 
-12 -7 -11 -2 949 32 
-6 -7 -8 -3 889 26 
-1 -8 -1 -4 793 32 
1 -7 0 -5 674 60 
3 -7 1 -4 608 43 
-5 -4 -7 -2 732 67 
-9 -4 -11 0 915 58 
-12 -5 -15 0 1032 63 
-21 -3 -20 0 1070 100 
-20 -3 -19 0 999 177 
-5 -1 -5 1 869 171 
-2 -1 -7 1 835 169 
-2 -1 -4 1 753 143 
1 -1 0 1 592 126 
5 0 2 1 582 128 
0 4 0 5 596 324 
-8 3 -9 5 729 320 
-8 3 -11 6 835 310 
-18 3 -17 7 1024 353 
-6 -7 -7 -5 567 312 
-12 -7 -13 -3 683 308 
-19 -3 -17 0 780 305 
-25 0 -21 2 873 303 
-29 0 -23 3 962 306 
-37 0 -26 2 1020 301 
-34 -3 -27 0 1042 219 
-27 -10 -23 -7 1022 203 
1 -3 2 -2 619 117 
-1 -5 -1 -4 715 126 
0 -5 0 -5 799 126 
-5 -8 -3 -6 839 128 
-17 -2 -13 0 886 120 
-16 -5 -15 0 822 129 
-20 -3 -19 0 940 122 
-33 -3 -27 0 1041 91 
-28 -7 -23 -2 1048 41 
-23 -14 -19 -10 945 30 
-22 -13 -17 -10 934 31 
-6 -11 -3 -11 812 21 
0 -11 -1 -10 750 20 
-2 -9 2 -10 723 19 
5 -11 5 -10 609 20 
1 -1 0 0 732 179 
-2 -1 -7 0 850 189 
-20 1 -17 4 943 204 
-20 2 -18 5 1035 220 
-24 3 -19 5 1056 252 
-22 5 -20 7 1055 265 
-14 4 -13 7 951 344 
-14 4 -13 7 869 330 
0 1 0 3 619 341 
-24 5 -29 7 1031 543 
-20 6 -25 8 912 546 
-10 5 -13 6 674 542 
-20 8 -22 8 809 685 
-28 6 -27 7 949 683 
-31 7 -34 12 1059 685 
-32 13 -32 15 1053 777 
-18 14 -21 15 865 761 
-10 11 -11 11 685 767 
-26 9 -28 12 965 479 
-31 8 -31 10 1049 500 
-34 8 -34 12 1057 568 
-30 11 -33 13 1030 599 
-27 14 -25 17 902 591 
-14 12 -15 15 642 583 
-7 12 -9 11 613 583 
-2 14 -5 7 632 685 
-21 10 -23 11 880 665 
-31 9 -32 11 1041 658 
-32 10 -32 12 1053 708 
-3 8 -7 4 801 725 
-12 8 -14 6 929 708 
-24 8 -21 7 955 712 
-29 7 -31 7 1025 732 
-29 6 -31 9 1053 728 
-30 6 -32 8 1048 772 
-27 7 -26 8 793 758 
-18 8 -17 7 718 756 
0 5 -3 1 601 548 
-13 3 -13 3 714 543 
-12 4 -16 4 774 540 
-21 5 -21 5 813 540 
-29 5 -29 6 899 540 
-32 4 -30 6 989 536 
-35 5 -34 5 1015 544 
-38 4 -35 3 1030 551 
-37 3 -34 6 1053 547 
-36 3 -33 5 1031 465 
-35 0 -34 1 1029 426 
-37 0 -32 8 1039 500 
-20 4 -21 7 852 515 
-18 4 -16 7 751 510 
-13 3 -13 5 714 510 
-6 0 -5 3 644 550 
-24 0 -23 5 771 571 
-32 2 -30 7 1030 603 
-28 6 -29 13 1047 698 
-28 8 -24 13 897 695 
-18 10 -19 14 838 698 
-6 8 -11 11 616 754 
-12 6 -14 10 699 763 
-20 6 -21 9 852 759 
-28 6 -29 11 997 752 
-30 6 -29 11 1016 751 
-32 0 -31 7 1029 718 
-25 0 -23 1 1024 642 
-24 4 -23 9 610 440 
-32 6 -28 10 826 436 
-38 4 -34 13 1004 437 
-30 10 -29 15 1020 614 
-8 10 -9 11 948 609 
-2 10 -2 9 666 589 
-2 10 -3 13 553 692 
-18 8 -17 11 732 688 
-28 8 -27 11 811 679 
-36 6 -31 13 902 680 
-41 9 -37 14 1028 720 
-38 10 -35 16 1037 765 
-18 12 -18 15 743 768 
-4 14 -6 13 674 765 
-16 2 -15 7 724 543 
-24 0 -23 7 733 543 
-25 1 -23 7 886 550 
-24 2 -23 7 1008 549 
-24 3 -22 7 1029 482 
-18 4 -15 9 1044 418 
-14 6 -14 9 1032 459 
-6 7 -7 11 870 481 
-9 9 -9 12 814 556 
-24 10 -21 14 1071 570 
-25 11 -23 13 1070 652 
-8 8 -7 9 644 785 
-14 8 -11 10 782 759 
-19 7 -19 11 840 759 
-28 6 -23 12 952 763 
-33 8 -29 14 1027 757 
-28 6 -24 11 1033 694 
-22 4 -19 10 987 677 
-10 6 -10 9 856 670 
-10 -1 -1 1 780 559 
-10 -1 -1 1 925 556 
-20 0 -17 3 1001 556 
-24 2 -21 5 1036 550 
-28 0 -24 6 1069 486 
-25 0 -22 1 1018 452 
-3 10 -1 11 633 493 
-11 8 -11 10 803 483 
-21 8 -19 11 909 482 
-30 9 -25 12 1016 493 
-24 5 -18 3 995 701 
-28 4 -22 7 989 695 
-15 7 -13 9 776 672 
0 0 0 1 643 578 
0 0 0 1 643 578 
8 -18 9 -20 478 47 
8 -10 7 -14 497 234 
18 -8 15 -12 328 252 
18 -8 23 -14 128 228 
20 -9 25 -14 100 299 
12 4 19 -4 299 389 
15 -10 12 -11 305 324 
13 -10 12 -12 446 306 
0 -17 0 -14 476 40 
5 -16 5 -15 334 76 
8 -16 11 -16 323 76 
15 -16 17 -16 184 80 
16 -16 19 -16 160 94 
18 -10 21 -12 153 235 
18 -8 21 -8 165 338 
18 -7 19 -6 166 356 
14 -6 16 -5 386 243 
5 -9 6 -8 417 223 
24 -2 27 -3 71 124 
6 -8 8 -9 312 75 
-2 -11 -2 -10 489 54 
2 -6 5 -6 338 219 
8 -6 11 -6 198 165 
0 -3 0 -1 472 62 
8 5 9 3 342 289 
11 1 12 1 277 147 
16 3 19 4 195 287 
14 -4 16 -4 239 75 
16 -4 18 -4 128 74 
13 -2 15 -2 214 160 
-1 -4 -2 -2 479 69 
24 7 27 5 19 312 
8 0 7 0 308 115 
-1 5 -3 7 542 230 
18 5 20 4 58 347 
10 1 9 1 370 57 
15 3 16 0 377 160 
6 -5 6 -2 417 77 
20 -2 21 -2 94 35 
10 1 11 1 288 182 
26 5 29 0 159 342 
19 -2 21 -4 230 73 
24 0 27 -2 133 278 
24 13 25 12 333 343 
30 5 33 1 110 375 
8 1 9 1 430 136 
1 2 1 3 449 337 
8 0 7 0 432 109 
0 -3 0 -2 527 42 
24 7 21 3 369 51 
18 7 15 3 503 157 
22 10 18 11 380 256 
12 1 11 3 515 104 
20 -9 25 -14 103 472 
12 4 19 -4 246 473 
8 -8 10 -10 414 689 
8 -8 10 -10 173 705 
8 -8 10 -10 65 677 
8 -8 10 -10 88 575 
14 -1 21 -3 247 574 
16 -5 17 -9 443 602 
7 -2 11 -2 450 464 
10 0 13 -2 366 533 
16 4 21 0 239 614 
17 2 21 1 227 614 
18 3 24 2 124 594 
23 6 28 2 112 584 
22 1 27 0 78 442 
10 3 12 1 253 402 
14 7 17 5 130 571 
3 8 5 7 374 657 
17 10 19 9 199 587 
24 15 28 13 177 625 
18 17 19 15 345 671 
16 13 19 11 194 648 
18 13 21 11 279 474 
18 11 20 10 204 640 
22 11 26 9 225 631 
20 9 22 6 280 417 
21 10 25 11 195 614 
12 11 15 11 415 428 
15 6 19 5 250 600 
15 17 19 11 171 648 
14 11 17 9 300 537 
26 1 25 -2 196 545 
20 14 21 13 373 623 
29 12 32 11 156 648 
11 10 12 4 224 666 
28 15 27 11 356 401 
14 17 12 18 537 466 
-9 -18 -10 -14 968 63 
-11 -8 -14 -8 995 230 
-4 -10 -7 -10 860 313 
-21 -8 -20 -6 1001 331 
-19 -6 -22 -6 1013 388 
-15 -13 -14 -12 1042 382 
-15 -20 -15 -17 1034 318 
-18 -17 -16 -16 1031 303 
-16 -17 -16 -15 1009 216 
-15 -16 -16 -14 929 184 
-13 -16 -14 -14 834 124 
-11 -16 -11 -13 772 108 
-9 -15 -10 -12 641 72 
-4 -16 -4 -14 625 69 
-13 -12 -14 -11 861 166 
-16 -13 -16 -10 935 166 
-23 -12 -22 -8 993 169 
-24 -12 -23 -7 984 332 
-19 -8 -18 -6 810 332 
-11 -7 -12 -3 802 331 
-6 -7 -5 -3 633 367 
-13 -12 -14 -9 797 60 
-21 -12 -20 -6 983 43 
-11 0 -9 0 745 225 
-12 -2 -14 0 831 65 
-12 0 -14 3 753 164 
-11 3 -10 5 828 371 
-21 -2 -21 0 1028 101 
-5 0 -5 0 602 105 
-19 0 -19 2 1013 95 
-15 0 -14 1 836 94 
-13 -2 -14 1 757 94 
-21 0 -20 3 1047 182 
-16 -3 -16 0 931 90 
-18 0 -17 4 914 100 
-16 5 -16 9 1028 137 
-17 1 -18 5 1016 104 
-9 3 -9 5 827 350 
-15 -1 -14 1 1045 126 
-9 0 -10 3 791 169 
-9 0 -9 0 747 98 
-7 3 -6 3 667 349 
-15 0 -12 3 905 183 
-17 0 -15 0 939 122 
-13 -6 -14 -4 810 148 
-21 -2 -20 0 1046 194 
-9 -2 -10 0 862 63 
-19 7 -18 12 1037 383 
-16 1 -15 4 731 320 
-21 7 -20 9 1054 357 
-23 -2 -23 3 956 78 
-23 -20 -22 -20 919 280 
-12 8 -16 11 892 189 
-22 6 -24 9 958 22 
-10 5 -12 5 1066 254 
-11 9 -13 12 940 148 
-15 13 -20 13 1058 282 
-15 13 -20 13 1058 282 
-20 -2 -21 -1 1046 561 
-17 1 -16 0 999 661 
-17 1 -16 4 951 711 
-17 1 -16 4 816 701 
-17 1 -16 4 640 712 
-7 -5 -6 -4 922 615 
-11 -4 -8 -4 946 614 
-14 -5 -11 -4 1045 586 
-13 -8 -10 -6 1045 540 
-13 -10 -12 -9 1045 452 
-25 -8 -24 -6 1000 522 
-21 -5 -17 -3 766 437 
-13 9 -12 9 738 656 
-21 11 -20 11 919 620 
-21 7 -19 9 1055 527 
-22 1 -20 3 1012 450 
-11 15 -10 17 747 669 
-21 15 -20 17 995 589 
-15 9 -14 9 1024 446 
-23 7 -22 11 941 452 
-14 10 -14 15 800 580 
-18 12 -19 16 984 477 
-7 7 -6 11 686 436 
-19 7 -17 11 979 450 
-20 13 -19 15 1038 652 
-18 10 -16 11 1041 500 
-19 8 -17 10 1039 502 
-11 15 -11 17 858 691 
-13 13 -12 13 924 610 
-15 23 -19 26 1061 546 
-8 24 -11 24 1046 486 
