381 275 237 421 226 48 338 228 48 22 22
375 275 231 418 227 48 336 229 48 60 29
379 280 242 416 230 52 330 232 49 120 33
373 278 232 415 230 50 329 233 44 161 32
374 279 240 411 231 52 325 237 48 249 31
368 280 236 406 230 49 320 236 47 291 32
366 281 232 406 230 49 320 236 47 351 38
368 280 231 404 232 47 318 236 49 407 42
366 285 230 402 232 45 314 238 49 491 43
359 281 240 398 232 51 310 238 47 554 42
358 282 237 398 232 51 310 238 47 606 43
356 281 236 389 231 44 302 238 49 709 42
351 280 242 384 229 46 300 236 49 785 38
341 278 243 392 228 47 288 237 48 876 34
336 277 237 371 228 54 288 237 48 938 38
339 278 236 369 229 54 287 238 46 1004 34
338 277 234 386 228 47 368 228 52 1059 31
335 280 233 386 228 47 368 228 52 1059 82
333 280 226 386 228 47 368 228 52 1015 104
337 276 232 387 227 48 286 237 50 947 104
344 277 239 387 227 48 286 237 50 899 103
342 277 239 380 228 49 296 235 48 792 102
353 280 242 387 230 50 298 236 45 758 100
360 280 241 408 230 51 304 237 48 699 101
360 280 238 408 230 51 304 237 48 589 102
361 282 228 408 230 51 304 237 48 515 105
365 280 245 408 230 51 304 237 48 423 106
365 279 238 408 230 51 304 237 48 315 108
377 280 246 418 230 46 330 234 45 237 111
380 275 232 418 230 46 330 234 45 157 113
384 280 226 422 232 46 336 233 50 90 113
384 278 235 422 232 46 336 233 50 27 113
387 284 238 424 236 51 341 236 48 23 225
385 283 239 423 234 48 340 240 47 118 212
381 282 230 418 234 51 330 239 48 226 203
378 283 241 416 233 44 328 240 46 330 208
371 281 239 412 232 45 324 239 46 416 209
362 280 237 412 232 45 324 239 46 487 204
357 283 240 396 230 47 312 240 49 572 201
353 280 233 388 234 51 302 243 46 651 202
351 282 236 382 232 49 297 241 46 723 202
343 282 233 381 234 50 296 242 47 768 211
339 283 238 381 234 50 296 242 47 886 213
337 283 232 375 233 48 284 244 51 941 213
335 283 234 375 233 48 284 244 51 1035 213
330 284 230 370 236 47 280 244 43 1040 288
335 283 237 386 234 49 366 233 50 971 310
342 281 236 376 232 49 282 244 45 882 314
352 282 237 382 236 48 296 242 45 797 309
357 283 233 390 236 54 304 242 45 652 307
366 282 236 418 236 48 316 240 47 572 315
369 287 235 418 236 48 316 240 47 440 315
376 286 232 414 240 47 326 242 49 367 315
380 289 230 424 240 48 340 242 52 295 320
385 288 229 427 243 50 344 242 49 227 317
389 287 234 429 242 48 346 242 49 152 321
386 286 225 431 244 52 346 242 49 99 323
394 290 232 433 245 48 348 242 47 64 327
392 293 224 434 248 47 348 243 46 66 413
382 293 232 421 245 50 336 248 49 128 428
375 294 236 422 246 47 334 248 51 248 431
375 294 236 416 246 45 330 250 55 366 433
371 294 245 416 246 45 330 250 55 458 433
361 293 237 416 246 45 330 250 55 559 434
361 293 244 416 246 45 330 250 55 682 435
352 292 233 386 240 57 306 250 59 789 447
345 289 230 380 240 47 292 246 45 848 449
343 289 231 380 240 47 292 246 45 956 452
337 288 230 380 240 47 292 246 45 1025 450
335 292 223 380 240 47 292 246 45 1060 479
334 292 233 380 240 47 292 246 45 1006 653
339 294 234 380 240 47 292 246 45 939 657
347 295 230 380 240 47 292 246 45 856 647
352 291 229 388 240 55 305 249 46 783 644
360 292 228 402 242 51 314 248 51 686 639
369 288 225 408 242 48 321 244 52 667 634
372 288 230 408 242 57 326 242 47 520 631
388 289 226 414 242 49 330 243 46 474 627
411 292 229 414 242 49 330 243 46 440 628
400 294 225 444 248 50 361 245 46 382 628
397 291 229 434 248 53 352 244 48 242 628
395 294 233 436 250 53 354 246 51 148 635
398 293 228 438 250 49 354 248 51 93 637
391 298 225 437 251 50 353 248 48 71 689
390 302 222 434 254 47 344 253 48 87 741
378 303 232 422 254 46 332 258 49 220 746
372 304 230 416 254 48 327 260 50 380 746
356 302 229 416 254 48 327 260 50 492 746
352 303 227 386 252 49 300 262 49 640 752
346 304 238 379 252 48 294 260 47 748 754
342 298 230 374 250 47 287 258 44 825 756
338 300 226 374 250 45 288 260 47 934 758
337 300 227 374 250 45 288 260 47 1030 756
337 303 232 374 250 45 288 260 47 1079 741
340 297 225 374 250 45 288 260 47 1064 685
341 293 239 374 250 45 288 260 47 1013 677
349 296 240 374 250 45 288 260 47 881 672
348 293 241 386 242 54 302 251 52 819 671
352 292 237 386 242 54 302 251 52 724 666
360 291 235 399 245 50 310 246 50 626 666
362 289 230 399 245 50 310 246 50 525 659
368 293 228 406 245 44 319 246 48 464 658
372 291 231 406 245 44 319 246 48 329 657
377 297 226 420 248 50 334 248 49 252 657
380 294 229 421 248 50 334 249 52 154 654
379 295 229 420 247 50 336 248 49 80 660
377 295 227 422 246 51 336 246 49 97 517
378 294 228 419 248 48 332 250 50 138 462
371 294 230 412 246 47 322 248 51 312 493
364 291 229 408 244 49 322 248 49 531 448
353 292 243 390 244 53 305 249 48 673 461
351 293 239 387 242 48 300 248 46 776 457
344 291 236 402 242 54 384 242 49 838 460
342 289 231 376 241 46 290 248 45 900 463
341 291 237 374 240 46 286 248 51 990 472
341 290 229 372 240 49 286 245 46 1047 467
338 285 229 373 236 50 284 242 47 1050 347
338 279 233 383 234 52 288 239 44 987 309
344 283 236 392 234 49 375 234 46 884 291
351 284 237 382 236 51 296 240 49 803 292
353 283 231 382 236 51 296 240 49 711 293
363 286 229 382 236 51 296 240 49 594 288
370 286 241 372 290 47 317 241 46 542 284
371 285 236 409 237 52 323 240 48 487 283
372 284 233 416 236 47 328 238 47 416 280
380 281 239 418 236 51 332 238 47 325 283
378 282 233 420 234 47 337 236 48 275 289
381 280 229 422 234 47 336 235 50 180 298
384 281 237 426 236 45 338 236 48 116 298
388 283 235 427 236 52 338 236 49 26 302
396 285 237 434 235 48 346 236 47 35 204
388 285 232 430 238 49 344 240 47 57 193
383 288 232 424 238 49 338 240 49 149 190
383 287 233 347 243 56 338 240 45 323 172
379 284 234 420 238 45 332 240 47 393 171
374 283 238 415 235 52 326 240 50 507 170
364 283 240 406 234 47 318 240 48 635 166
358 283 247 392 231 58 306 240 50 730 163
352 284 240 385 235 52 299 241 46 867 170
352 285 238 386 234 47 298 241 44 946 173
350 283 242 387 236 48 298 242 46 1028 163
351 286 237 390 238 50 297 242 46 1064 85
349 284 236 386 238 45 298 242 49 1002 60
354 285 236 387 235 48 302 240 47 811 59
359 280 237 416 236 53 313 238 46 583 64
366 281 238 404 232 61 317 236 44 501 33
374 280 226 414 233 52 327 235 48 375 21
380 280 233 418 234 47 330 236 47 275 24
380 285 234 418 234 51 330 236 47 143 33
383 285 238 424 236 47 336 238 47 65 37
385 285 234 428 236 46 342 236 48 49 39
390 286 236 430 238 49 343 236 48 30 90
383 285 236 430 237 50 344 238 49 178 90
375 286 238 424 236 46 336 238 49 330 100
368 283 239 378 289 46 320 239 46 649 95
363 285 247 406 234 45 319 239 48 808 95
356 284 235 394 233 52 306 238 49 954 101
354 285 232 390 234 50 304 240 47 1031 101
354 284 235 392 235 46 304 241 46 1053 144
358 286 236 392 236 47 304 242 49 1015 197
360 289 240 395 237 56 308 242 46 732 199
363 289 237 396 236 47 311 242 46 622 205
370 284 240 396 236 47 311 242 46 434 210
380 285 230 418 238 51 330 241 50 308 214
381 287 233 422 238 55 336 241 48 235 214
385 287 236 422 238 55 336 241 48 190 213
390 288 233 426 238 47 340 240 49 107 215
388 286 230 432 238 46 347 239 50 52 219
384 286 237 428 236 52 340 239 48 55 339
384 289 229 425 240 52 338 242 49 179 316
375 287 235 421 239 48 335 243 50 309 309
366 292 240 404 242 43 316 247 48 501 313
361 286 230 404 242 43 316 247 48 628 313
356 291 236 395 242 44 308 246 47 821 310
348 283 246 382 236 47 296 242 47 922 306
347 284 239 384 236 47 298 242 52 1024 306
349 284 239 401 237 44 382 236 48 1033 335
349 297 223 400 242 56 296 250 45 1025 403
351 296 231 392 248 49 296 252 45 993 470
360 293 232 392 244 53 306 248 46 733 471
367 292 231 405 244 46 316 247 52 569 474
374 290 230 410 244 48 324 246 51 477 479
382 289 227 424 243 48 337 243 46 369 478
385 292 230 428 246 47 343 244 46 276 470
388 292 229 430 245 48 344 244 49 184 472
389 292 226 432 246 50 346 244 47 108 486
390 293 226 432 246 47 347 247 54 75 551
386 293 233 429 246 50 343 247 44 75 619
383 293 227 424 245 48 336 246 48 170 626
376 295 232 414 246 46 326 250 49 277 623
372 295 232 414 246 46 326 250 49 417 624
370 294 240 414 246 46 326 250 49 561 619
361 295 230 414 246 46 326 250 49 687 624
354 293 233 388 246 49 302 252 47 799 624
352 296 231 387 246 50 302 254 51 870 624
350 294 235 387 246 50 298 252 47 930 627
346 295 233 384 246 47 297 253 50 1017 628
342 294 231 384 246 47 297 253 50 1041 638
347 295 224 378 246 55 291 254 44 1016 782
349 295 231 378 246 55 291 254 44 866 780
356 295 231 378 246 55 291 254 44 706 761
368 293 234 378 246 55 291 254 44 605 762
369 293 233 378 246 55 291 254 44 482 748
378 293 230 378 246 55 291 254 44 396 748
381 294 238 422 247 56 334 247 50 279 757
382 294 240 422 247 56 334 247 50 127 761
385 296 230 426 248 48 340 248 55 8 762
386 296 228 429 249 54 346 249 52 33 688
380 293 233 426 248 49 338 248 50 153 714
374 290 240 409 246 60 326 246 49 300 701
369 293 247 410 243 46 321 247 48 415 695
365 295 242 402 245 50 316 252 49 535 690
360 296 235 402 245 50 316 252 49 757 682
353 294 233 390 248 46 302 256 49 914 682
349 297 228 382 248 47 296 254 44 1021 686
347 299 228 377 248 48 294 256 48 1085 688
343 286 231 379 242 52 288 244 44 1050 439
346 286 232 379 242 52 288 244 44 889 428
354 289 231 390 240 59 301 245 50 801 419
359 290 238 398 240 48 308 244 52 673 418
365 288 230 398 240 48 308 244 52 587 418
367 289 233 398 240 48 308 244 52 505 424
378 291 235 420 244 47 332 244 51 455 424
382 292 235 426 246 50 341 244 52 350 429
385 291 238 428 246 47 344 244 51 271 431
388 289 229 432 244 51 348 244 49 155 430
391 290 232 434 244 51 350 239 48 112 429
395 288 234 434 244 51 350 239 48 28 419
397 288 234 439 243 48 352 240 47 60 310
387 288 231 432 242 50 347 242 48 211 291
384 290 229 424 242 47 338 244 45 307 285
377 290 241 416 240 48 330 244 49 373 280
371 291 230 412 242 57 324 245 50 562 261
364 288 233 370 296 49 315 245 48 649 260
359 289 231 370 296 49 315 245 48 773 263
353 287 232 386 238 55 303 244 48 850 259
348 287 231 386 238 55 303 244 48 977 261
350 287 233 384 240 43 296 242 45 1050 261
347 286 231 382 237 52 297 243 46 1040 213
352 284 235 388 237 48 300 242 46 845 203
353 287 238 392 236 49 306 242 56 795 203
358 286 235 392 236 57 305 241 44 702 208
365 284 244 392 236 57 305 241 44 642 207
367 284 244 392 236 57 305 241 44 517 203
371 281 235 410 236 48 320 238 47 445 195
374 282 235 410 236 48 320 238 47 322 193
379 279 232 410 236 48 320 238 47 270 190
383 282 231 422 234 49 338 235 48 165 192
380 281 233 426 235 50 339 237 48 98 192
384 284 232 424 234 45 338 238 47 8 191
383 282 233 425 236 54 338 236 47 24 113
381 280 233 423 233 48 338 236 49 57 105
381 280 235 420 234 47 332 238 47 126 104
378 282 234 419 233 46 330 238 45 209 101
374 281 241 416 234 45 331 237 48 372 100
368 279 239 406 232 55 322 236 47 397 98
365 278 238 404 231 46 316 238 47 508 97
359 279 241 404 231 46 316 238 47 652 92
358 282 235 396 232 49 308 240 49 761 94
354 279 231 396 232 49 308 240 49 943 100
350 281 235 384 232 46 297 242 48 992 105
351 282 241 382 232 47 294 242 45 1062 105
349 282 231 380 230 55 293 240 46 1050 53
349 280 233 384 230 47 297 239 46 905 53
359 281 240 390 229 48 306 238 49 811 56
354 276 235 388 230 43 302 238 45 729 57
358 280 237 393 232 50 308 240 45 575 61
366 282 238 394 232 50 310 240 45 469 62
370 283 238 405 233 46 316 240 45 328 22
373 283 234 414 232 45 326 238 47 213 29
375 283 234 417 232 48 328 238 45 136 47
381 279 233 418 232 49 333 238 52 3 38
382 282 238 419 232 46 331 237 52 59 202
378 285 236 418 232 51 330 238 45 107 245
376 283 236 413 234 48 324 241 46 268 238
369 285 235 413 234 48 324 241 46 344 238
367 285 235 413 234 48 324 241 46 436 243
363 285 234 413 234 48 324 241 46 611 251
360 286 242 413 234 48 324 241 46 712 256
352 284 231 386 238 51 300 245 46 884 258
349 284 233 383 237 52 296 244 44 997 264
346 284 233 382 234 48 294 244 43 1064 264
346 281 234 378 234 57 290 244 47 1064 306
348 283 231 378 234 57 290 244 47 952 345
348 283 229 378 234 57 290 244 47 838 366
353 286 236 378 234 57 290 244 47 779 378
361 285 237 378 234 57 290 244 47 735 382
368 285 232 405 238 44 320 242 51 609 385
368 283 225 405 238 44 320 242 51 536 371
368 282 236 406 236 44 317 239 44 417 365
368 281 229 421 236 44 317 239 46 262 358
375 286 230 421 236 44 317 239 46 174 359
376 283 233 417 238 50 329 242 50 122 353
380 287 232 415 236 48 331 242 48 50 357
377 284 231 420 238 49 336 242 49 28 478
375 286 233 419 239 46 336 242 51 76 470
370 289 233 415 242 44 328 244 46 176 472
368 287 229 415 242 44 328 244 46 355 475
363 289 231 415 242 44 328 244 46 466 479
357 288 230 392 240 50 304 246 47 535 480
355 288 240 392 240 50 304 246 47 581 486
354 287 229 392 240 50 304 246 47 701 490
346 293 241 378 240 47 291 248 44 729 501
340 296 240 378 246 47 289 254 54 844 503
342 294 238 376 246 44 286 252 46 899 503
342 285 232 378 246 51 290 249 50 999 506
337 288 229 372 240 61 284 243 46 1043 503
342 294 242 380 246 55 292 248 54 1018 564
345 294 239 380 246 51 288 248 50 930 593
350 292 245 388 244 55 298 246 49 835 595
350 290 249 392 244 56 301 246 44 710 597
364 290 242 405 244 48 312 245 50 579 599
370 294 235 405 244 48 312 245 50 485 600
380 293 246 423 245 48 331 243 50 299 595
386 292 238 427 247 48 339 243 50 209 591
385 294 239 430 248 47 340 246 45 92 591
384 293 246 432 247 48 342 242 53 39 599
384 292 245 432 249 46 341 244 50 34 648
377 292 249 426 247 52 336 245 56 46 696
366 296 244 418 248 55 330 248 53 159 691
367 298 236 402 246 55 309 252 50 224 687
358 296 240 402 246 55 309 252 50 352 690
360 296 244 402 246 55 309 252 50 498 701
357 292 237 402 246 55 309 252 50 638 705
352 296 237 392 245 56 300 252 47 779 712
349 297 234 388 246 57 299 253 52 882 724
343 298 235 384 248 53 292 254 49 974 730
344 295 238 384 248 53 292 254 49 1047 722
343 296 231 384 248 53 292 254 49 1041 771
345 294 236 384 248 53 292 254 49 840 763
356 297 241 384 248 53 292 254 49 709 758
366 292 240 384 248 53 292 254 49 562 754
370 292 235 384 248 53 292 254 49 487 750
374 292 241 384 248 53 292 254 49 317 748
374 287 234 418 238 49 328 242 51 244 749
379 287 236 422 240 49 334 240 51 171 749
381 289 234 422 242 51 332 240 50 114 757
382 292 245 424 242 50 334 243 54 73 757
381 294 247 424 244 51 334 244 53 108 619
379 296 239 424 248 51 334 249 50 64 443
378 299 235 423 250 48 332 252 53 122 392
380 297 242 418 247 52 328 249 54 335 250
374 294 243 415 247 54 325 250 50 464 235
362 291 249 402 240 48 312 244 49 608 217
355 289 239 394 238 52 304 242 54 716 213
351 287 234 388 238 51 298 242 49 861 214
345 287 240 382 237 52 292 242 51 941 214
339 286 241 376 236 52 287 241 50 1032 215
335 283 237 370 234 51 284 240 47 1059 249
334 287 237 372 236 54 282 242 45 1062 355
342 286 238 375 237 52 287 243 50 1052 430
342 290 240 378 236 55 288 242 46 856 442
351 290 233 387 241 58 298 244 47 720 447
362 292 241 399 238 50 310 242 53 530 429
368 291 237 410 242 63 320 242 53 361 376
376 288 237 418 240 51 327 241 50 248 339
379 289 236 420 240 49 328 242 53 179 329
378 285 231 423 237 50 334 238 48 104 298
380 286 233 423 237 50 334 238 48 32 286
383 290 234 424 240 51 336 241 52 40 475
380 291 245 425 241 52 334 242 53 220 500
377 293 248 420 244 47 328 244 49 390 512
368 292 243 420 244 47 328 244 49 601 520
363 290 240 420 244 47 328 244 49 734 520
353 287 239 394 238 53 305 243 54 834 530
353 287 240 388 238 47 299 239 48 875 539
346 284 241 384 236 55 295 243 48 1015 540
347 287 239 384 236 55 295 243 48 1067 547
350 288 242 384 236 55 295 243 48 1059 649
356 288 235 397 240 56 304 244 48 961 645
363 293 247 401 243 50 311 246 48 767 645
365 293 243 401 243 50 311 246 48 658 635
369 294 230 412 246 47 322 248 49 495 629
377 297 231 422 250 53 330 248 47 353 631
386 297 232 428 251 48 339 248 46 239 644
390 297 232 436 252 49 350 248 49 100 643
391 284 234 438 238 51 349 235 50 42 95
392 286 232 432 238 53 346 236 53 144 40
381 287 233 425 240 50 336 238 50 331 34
371 288 243 418 242 49 326 242 49 432 33
372 292 244 414 240 45 323 242 48 652 39
368 292 249 408 243 46 317 243 48 782 40
359 293 248 395 243 50 306 244 48 909 37
353 292 246 393 242 52 305 244 46 1035 32
356 289 237 392 242 51 304 246 47 1077 63
357 292 241 394 243 52 302 244 47 1081 140
355 291 241 394 242 53 304 245 46 917 138
363 293 241 400 242 51 310 246 49 806 144
366 292 245 404 244 49 314 248 49 714 145
369 294 247 409 244 46 318 246 49 666 144
370 292 242 410 244 45 320 244 49 590 144
370 292 239 412 244 47 320 245 50 513 143
375 293 243 416 242 47 324 244 49 362 144
377 293 245 419 245 48 329 245 50 320 146
379 294 240 424 244 47 334 244 51 196 144
384 290 235 424 244 51 335 244 50 111 144
388 292 241 432 245 52 342 241 50 85 144
389 291 242 433 245 48 344 242 51 60 147
386 292 239 434 246 53 345 243 50 49 211
388 294 234 433 247 48 344 244 52 61 315
387 295 238 432 247 46 342 246 49 64 334
386 296 232 431 247 48 342 246 49 99 361
388 298 232 428 248 48 340 246 49 245 365
382 296 230 425 247 46 335 247 50 333 362
375 295 232 417 246 46 328 248 49 472 356
373 296 235 417 246 46 328 248 49 546 356
377 297 231 414 248 48 324 248 48 685 359
373 296 231 412 248 50 320 250 51 787 363
372 298 227 410 248 53 320 250 49 874 366
368 297 232 408 248 54 320 252 51 956 367
368 298 235 407 249 48 314 252 49 1021 370
370 299 234 402 250 46 315 255 50 1061 371
367 298 228 402 250 49 313 253 46 1021 501
368 299 232 404 250 46 312 254 47 1008 503
367 300 232 402 250 48 315 254 48 891 502
367 300 228 408 252 51 317 254 48 713 491
373 301 230 412 250 46 322 254 50 588 485
376 302 228 418 252 51 325 254 48 468 484
379 299 230 420 251 48 328 252 49 408 482
373 297 226 420 250 49 329 253 48 312 477
381 298 228 422 251 52 331 253 48 208 476
378 300 227 422 252 47 331 253 52 138 473
378 302 230 421 253 48 330 254 48 83 475
379 298 233 424 252 51 334 256 49 5 662
379 300 235 422 254 44 330 253 48 142 615
376 300 229 419 253 46 328 255 48 354 612
375 301 232 416 252 47 326 254 49 579 610
369 298 230 415 251 48 324 254 51 741 611
372 301 232 408 250 49 320 254 49 879 619
370 300 229 408 250 52 318 256 47 941 625
368 301 226 406 251 48 317 256 48 1036 624
374 304 228 404 252 49 316 256 45 1038 755
371 305 229 404 252 49 316 256 45 829 741
376 306 232 404 252 49 316 256 45 708 738
379 304 226 420 254 47 332 256 45 534 726
383 303 222 426 256 48 336 256 45 352 717
387 303 231 429 255 46 340 255 50 109 712
388 302 227 432 256 47 346 256 49 70 664
390 304 230 430 256 47 342 256 48 135 541
379 302 236 422 254 47 332 256 45 365 547
373 303 231 415 252 48 326 256 51 530 529
365 299 228 402 247 50 313 252 48 748 529
360 298 238 392 248 49 305 251 48 875 528
351 297 233 388 248 51 297 252 46 1005 529
348 296 229 385 247 52 295 252 46 1070 529
347 291 238 384 242 47 296 244 49 1079 337
346 284 232 380 237 48 293 241 48 1075 248
346 286 233 382 238 49 296 242 49 1001 243
352 289 238 382 238 49 296 242 49 906 237
357 291 243 391 242 54 302 244 47 855 233
360 294 246 396 243 50 309 246 48 783 230
366 293 242 405 244 48 314 246 49 659 229
365 293 244 407 244 48 319 246 48 571 230
372 292 251 412 242 47 322 244 49 468 230
377 289 244 416 242 47 327 242 48 390 234
384 291 242 426 243 48 336 240 50 315 235
385 291 228 428 242 49 340 240 49 264 237
386 288 224 430 242 49 342 240 49 185 238
393 292 236 433 244 48 345 242 48 139 242
395 293 251 436 244 48 348 244 48 2 251
392 290 237 437 243 50 350 244 49 46 234
389 288 233 429 240 50 342 242 47 36 101
388 286 236 425 239 50 338 242 47 89 95
384 289 230 425 238 52 336 240 53 185 99
380 290 241 422 238 49 334 242 50 280 100
374 288 237 417 238 48 328 242 52 345 104
375 286 236 412 238 49 322 240 49 483 102
368 286 243 406 239 58 319 241 46 538 102
365 288 240 372 294 51 314 242 47 665 105
360 290 242 372 294 51 314 242 47 753 109
357 287 228 394 237 48 306 242 47 858 129
352 287 237 390 238 47 302 242 47 974 125
353 289 236 386 238 51 298 243 48 1078 113
351 286 234 404 236 59 386 236 49 1072 54
356 283 239 391 233 50 302 237 48 933 40
363 285 246 416 233 54 310 238 51 778 48
369 284 238 416 233 54 310 238 51 659 54
372 286 236 408 235 46 318 238 51 575 57
371 283 235 414 236 46 326 240 47 450 57
381 287 246 419 236 48 332 239 48 339 57
382 286 238 425 236 50 335 238 50 264 56
386 286 239 428 237 52 342 239 48 168 55
393 286 235 435 237 50 347 238 50 133 53
394 287 236 432 238 53 348 238 50 37 52
392 290 228 429 239 52 344 242 49 11 135
387 292 230 430 242 49 342 244 51 60 193
382 295 238 422 242 47 334 246 49 164 191
376 295 240 418 244 47 328 246 48 291 191
368 294 239 405 245 48 316 248 47 432 201
362 291 242 400 244 50 310 246 47 549 204
358 293 246 396 243 46 306 246 47 740 212
356 292 242 394 242 48 301 246 48 853 215
347 294 245 383 245 52 296 250 45 1000 220
346 295 242 380 244 51 294 249 46 1043 228
345 294 238 379 244 50 290 248 47 1058 304
349 295 235 380 244 46 292 251 46 1046 370
352 299 231 385 248 46 294 251 46 864 365
358 293 243 394 244 52 305 248 46 706 357
364 292 236 412 244 47 315 247 50 641 357
369 292 236 410 242 48 322 245 50 512 362
376 295 238 416 242 49 325 244 48 437 357
379 292 237 422 242 51 333 245 48 324 354
384 293 237 424 242 49 338 244 48 233 356
386 290 236 426 242 53 340 244 48 199 357
390 294 239 430 242 50 343 245 48 107 361
389 293 239 432 244 49 344 246 49 43 375
389 295 240 431 245 48 348 248 51 66 450
387 296 237 432 246 47 343 247 48 178 472
381 298 227 424 248 49 336 248 47 246 475
376 298 228 419 249 46 326 250 49 400 480
371 298 235 411 248 50 320 254 51 569 480
358 297 226 395 246 56 306 252 48 746 474
350 295 235 394 246 47 304 251 48 807 472
349 297 238 384 244 49 296 252 45 923 476
346 295 235 378 246 51 291 251 46 1035 482
342 295 233 380 246 45 290 252 47 1071 500
348 299 224 380 248 47 292 254 45 1035 584
351 297 229 385 249 50 297 254 48 942 594
356 296 233 391 247 46 303 253 48 765 576
367 297 230 408 248 52 314 252 47 533 566
375 297 234 414 247 50 324 251 48 424 560
380 297 228 424 246 47 336 248 49 291 548
388 296 232 427 246 46 342 248 49 209 546
389 299 225 432 248 53 342 250 51 76 548
387 297 229 432 250 49 343 250 52 23 634
388 304 236 428 254 53 339 256 48 171 681
376 302 226 414 252 46 324 258 47 305 662
363 302 229 400 252 47 314 256 51 633 652
359 301 232 390 251 52 304 258 50 722 665
353 299 228 387 251 48 298 258 47 849 665
344 295 223 382 250 47 292 256 49 995 662
343 293 238 376 248 50 287 255 46 1047 657
342 300 232 376 248 50 287 255 46 1047 746
350 305 229 382 252 51 293 261 46 986 752
357 304 225 390 254 45 301 260 46 859 741
367 302 231 404 252 56 321 257 50 690 721
372 298 231 412 252 49 325 254 48 609 717
380 297 230 421 253 48 330 254 49 381 706
382 306 230 422 256 47 334 257 46 279 705
386 307 228 426 256 47 339 257 46 145 697
383 305 225 428 258 47 340 258 47 71 715
387 307 219 432 260 47 344 262 43 48 746
389 308 220 431 261 44 342 260 48 158 768
377 305 232 420 256 50 330 258 49 279 765
372 306 225 420 256 50 330 258 49 469 772
363 304 225 420 256 50 330 258 49 524 771
356 306 225 396 252 51 304 258 45 640 775
354 305 228 386 254 54 300 260 46 699 778
351 307 227 384 258 49 298 264 47 810 782
351 307 217 382 256 50 293 264 44 898 785
347 308 229 382 256 50 293 264 44 998 780
344 304 219 380 256 50 292 265 46 1085 788
346 295 244 376 242 51 291 248 48 1080 374
351 296 238 383 245 50 296 250 47 956 315
356 295 235 392 244 52 304 248 47 725 301
370 293 244 408 244 49 319 245 48 562 285
378 295 241 422 244 49 334 246 51 311 273
384 293 236 426 246 49 340 244 49 205 279
389 292 235 434 245 50 348 244 47 123 282
396 294 234 438 246 49 354 244 49 29 285
397 295 236 438 245 50 352 244 48 27 179
388 289 234 430 243 50 343 242 50 63 147
379 285 237 423 239 48 337 240 52 211 140
376 286 233 418 240 45 328 239 50 310 140
372 288 235 414 240 49 326 242 47 431 138
367 292 240 407 243 46 318 245 48 499 141
362 292 243 400 242 53 310 244 47 690 140
357 292 243 391 242 52 304 244 46 789 134
352 292 228 392 242 51 304 244 47 902 129
352 291 237 386 240 51 298 244 47 971 129
354 285 238 390 238 47 302 242 49 1074 129
352 286 228 387 237 44 298 240 45 1094 120
355 285 232 387 237 44 298 240 45 1087 67
357 283 247 392 234 51 304 238 47 958 59
367 285 246 396 232 49 306 236 47 829 59
374 286 238 412 236 43 320 236 47 725 59
377 282 241 419 235 48 331 237 48 612 57
383 283 237 424 236 49 334 236 50 568 57
389 286 240 428 236 51 344 237 48 465 66
393 284 235 431 236 48 346 236 48 389 70
395 286 236 434 235 50 350 236 47 308 75
399 284 235 438 236 49 354 236 47 199 78
399 284 235 440 237 50 354 234 48 120 79
398 284 242 438 236 48 354 234 49 33 81
389 281 234 434 234 47 349 234 52 15 27
386 284 236 425 233 50 340 238 49 164 19
383 285 238 421 234 48 333 239 50 236 17
379 284 238 416 234 49 328 240 49 278 21
370 284 236 410 234 47 322 240 49 420 20
367 283 238 406 234 47 318 240 47 652 23
365 288 240 396 236 52 308 242 49 701 25
352 286 239 388 236 53 302 240 48 831 25
350 284 237 388 236 48 299 242 46 948 30
351 286 235 383 238 54 298 242 44 995 30
342 289 226 379 236 50 290 242 50 1077 26
338 285 228 370 236 52 288 243 52 1080 68
344 287 234 383 237 50 290 242 47 979 74
352 287 230 387 237 48 301 243 48 889 74
357 289 222 389 238 48 302 242 47 762 74
364 286 230 406 236 47 316 240 45 621 68
372 283 244 405 236 46 318 238 49 515 70
381 286 238 421 237 46 333 240 48 455 71
386 285 237 428 238 49 342 240 49 372 73
388 287 236 430 238 47 342 240 51 278 80
390 286 234 432 239 48 346 238 49 200 81
394 287 233 438 240 49 348 240 47 136 81
391 284 233 439 239 50 351 239 48 55 81
393 286 232 434 240 49 350 240 49 40 136
392 290 228 431 242 50 344 244 49 250 156
380 290 231 420 240 49 330 244 47 325 151
366 290 241 412 240 45 324 244 49 592 155
360 293 241 396 240 54 308 246 47 747 155
357 293 247 395 243 52 303 246 46 917 159
350 290 238 386 244 49 297 246 44 1041 156
350 295 235 383 244 50 296 248 49 1089 215
355 293 248 390 242 51 301 247 52 969 222
362 291 244 394 242 57 308 246 49 870 219
368 292 249 406 242 51 317 246 52 726 217
373 292 248 408 241 46 320 244 48 632 208
